       0.084788
       0.085910
       0.087063
       0.088251
       0.089472
       0.090731
       0.092028
       0.093364
       0.094743
       0.096165
       0.097632
       0.099148
       0.100715
       0.102334
       0.104009
       0.105743
       0.107539
       0.109399
       0.111329
       0.113332
       0.115411
       0.117571
       0.119818
       0.122156
       0.124591
       0.127130
       0.129778
       0.132544
       0.135436
       0.138461
       0.141630
       0.144954
       0.148442
       0.152109
       0.155969
       0.160036
       0.164327
       0.168863
       0.173665
       0.178756
       0.184165
       0.189921
       0.196056
       0.202614
       0.209638
       0.217176
       0.225293
       0.234055
       0.243542
       0.253849
       0.265085
       0.277379
       0.290896
       0.305821
       0.322396
       0.340895
       0.361678
       0.385205
       0.412062
       0.442983
       0.478987
       0.521442
       0.572244
       0.634113
       0.711135
       0.809595
       0.940003
       1.120770
       1.388213
       1.824265
       2.661515
       4.925894
      33.297420
       6.982739
       3.156661
       2.038122
       1.504337
       1.191716
       0.986416
       0.841258
       0.733198
       0.649598
       0.583022
       0.528746
       0.483654
       0.445580
       0.413038
       0.384867
       0.360262
       0.338583
       0.319335
       0.302131
       0.286665
       0.272679
       0.259979
       0.248397
       0.237779
       0.228019
       0.219014
       0.210684
       0.202951
       0.195753
       0.189039
       0.182761
       0.176879
       0.171354
       0.166155
       0.161256
       0.156630
       0.152255
       0.148113
       0.144183
       0.140451
       0.136901
       0.133522
       0.130301
       0.127226
       0.124289
       0.121480
       0.118791
       0.116215
       0.113744
       0.111373
       0.109095
       0.106905
       0.104798
       0.102769
       0.100814
       0.098930
       0.097111
       0.095356
       0.093661
       0.092022
       0.090437
       0.088904
       0.087419
       0.085981
       0.084588
       0.083236
       0.081926
       0.080654
       0.079419
       0.078219
       0.077054
       0.075921
       0.074819
       0.073747
       0.072703
       0.071688
       0.070698
       0.069734
       0.068795
       0.067879
       0.066986
       0.066115
       0.065265
       0.064435
       0.063625
       0.062834
       0.062061
       0.061306
       0.060568
