       0.003097
       0.003154
       0.003211
       0.003268
       0.003325
       0.003383
       0.003440
       0.003497
       0.003553
       0.003609
       0.003665
       0.003720
       0.003774
       0.003827
       0.003879
       0.003930
       0.003979
       0.004027
       0.004074
       0.004118
       0.004161
       0.004202
       0.004241
       0.004278
       0.004313
       0.004345
       0.004376
       0.004404
       0.004431
       0.004456
       0.004479
       0.004501
       0.004523
       0.004544
       0.004568
       0.004594
       0.004628
       0.004677
       0.004755
       0.004910
       0.005327
       0.008092
       0.005593
       0.004093
       0.004103
       0.004137
       0.004158
       0.004168
       0.004170
       0.004168
       0.004162
       0.004153
       0.004143
       0.004131
       0.004117
       0.004103
       0.004089
       0.004074
       0.004059
       0.004045
       0.004030
       0.004015
       0.004001
       0.003987
       0.003973
       0.003960
       0.003947
       0.003935
       0.003924
       0.003913
       0.003902
       0.003892
       0.003883
       0.003874
       0.003865
       0.003857
       0.003850
       0.003843
       0.003837
       0.003831
       0.003825
       0.003819
       0.003814
       0.003809
       0.003804
       0.003799
       0.003795
       0.003790
       0.003785
       0.003779
       0.003774
       0.003767
       0.003761
       0.003754
       0.003746
       0.003737
       0.003727
       0.003716
       0.003704
       0.003691
       0.003677
       0.003660
       0.003643
       0.003623
       0.003601
       0.003578
       0.003552
       0.003524
       0.003494
       0.003461
       0.003425
       0.003387
       0.003346
       0.003301
       0.003254
       0.003203
       0.003149
       0.003092
       0.003031
       0.002967
       0.002899
       0.002827
       0.002751
       0.002671
       0.002587
       0.002500
       0.002408
       0.002312
       0.002213
       0.002109
       0.002003
       0.001894
       0.001784
       0.001674
       0.001568
       0.001471
       0.001390
       0.001337
       0.001325
       0.001371
       0.001488
       0.001686
       0.001970
       0.002349
       0.002835
       0.003452
       0.004236
       0.005251
       0.006603
       0.008481
       0.011257
       0.015744
       0.024037
       0.042135
       0.064799
       0.042731
       0.027286
       0.019931
       0.015826
       0.013231
       0.011444
       0.010137
