       0.002261
       0.002310
       0.002361
       0.002412
       0.002465
       0.002519
       0.002575
       0.002632
       0.002691
       0.002751
       0.002813
       0.002876
       0.002942
       0.003009
       0.003079
       0.003151
       0.003225
       0.003302
       0.003381
       0.003464
       0.003549
       0.003638
       0.003731
       0.003827
       0.003928
       0.004034
       0.004144
       0.004260
       0.004383
       0.004512
       0.004649
       0.004795
       0.004952
       0.005122
       0.005308
       0.005514
       0.005749
       0.006026
       0.006375
       0.006872
       0.007791
       0.011600
       0.001056
       0.004888
       0.005868
       0.006459
       0.006936
       0.007376
       0.007812
       0.008261
       0.008736
       0.009246
       0.009802
       0.010415
       0.011097
       0.011863
       0.012733
       0.013733
       0.014894
       0.016263
       0.017903
       0.019906
       0.022409
       0.025630
       0.029934
       0.035982
       0.045112
       0.060499
       0.091962
       0.192369
       1.993248
       0.160526
       0.083410
       0.056231
       0.042342
       0.033905
       0.028234
       0.024159
       0.021086
       0.018686
       0.016758
       0.015175
       0.013850
       0.012725
       0.011757
       0.010914
       0.010174
       0.009518
       0.008932
       0.008405
       0.007928
       0.007494
       0.007098
       0.006733
       0.006397
       0.006085
       0.005795
       0.005524
       0.005271
       0.005033
       0.004808
       0.004596
       0.004395
       0.004204
       0.004022
       0.003847
       0.003681
       0.003520
       0.003366
       0.003217
       0.003073
       0.002933
       0.002797
       0.002665
       0.002536
       0.002409
       0.002284
       0.002161
       0.002040
       0.001920
       0.001800
       0.001681
       0.001562
       0.001443
       0.001322
       0.001201
       0.001077
       0.000951
       0.000823
       0.000691
       0.000554
       0.000412
       0.000264
       0.000108
       0.000056
       0.000231
       0.000419
       0.000622
       0.000844
       0.001088
       0.001359
       0.001665
       0.002015
       0.002421
       0.002902
       0.003483
       0.004204
       0.005130
       0.006371
       0.008133
       0.010849
       0.015626
       0.026334
       0.072823
       0.110743
       0.032723
       0.019583
       0.014140
       0.011151
       0.009253
       0.007936
       0.006963
