       0.113007
       0.114724
       0.116474
       0.118256
       0.120069
       0.121913
       0.123786
       0.125686
       0.127613
       0.129564
       0.131536
       0.133527
       0.135535
       0.137554
       0.139582
       0.141615
       0.143647
       0.145674
       0.147690
       0.149689
       0.151665
       0.153610
       0.155520
       0.157385
       0.159198
       0.160952
       0.162637
       0.164249
       0.165779
       0.167218
       0.168561
       0.169801
       0.170933
       0.171951
       0.172850
       0.173628
       0.174281
       0.174810
       0.175212
       0.175489
       0.175643
       0.175675
       0.175588
       0.175389
       0.175081
       0.174670
       0.174164
       0.173567
       0.172888
       0.172133
       0.171310
       0.170427
       0.169490
       0.168508
       0.167486
       0.166432
       0.165352
       0.164253
       0.163139
       0.162017
       0.160890
       0.159765
       0.158644
       0.157532
       0.156432
       0.155347
       0.154280
       0.153233
       0.152207
       0.151205
       0.150228
       0.149278
       0.148354
       0.147457
       0.146589
       0.145749
       0.144937
       0.144153
       0.143396
       0.142667
       0.141964
       0.141286
       0.140633
       0.140003
       0.139396
       0.138810
       0.138243
       0.137694
       0.137162
       0.136644
       0.136138
       0.135644
       0.135159
       0.134680
       0.134207
       0.133737
       0.133267
       0.132795
       0.132320
       0.131839
       0.131350
       0.130852
       0.130341
       0.129815
       0.129275
       0.128716
       0.128137
       0.127538
       0.126915
       0.126268
       0.125597
       0.124899
       0.124173
       0.123420
       0.122640
       0.121830
       0.120992
       0.120125
       0.119231
       0.118309
       0.117360
       0.116385
       0.115384
       0.114360
       0.113313
       0.112245
       0.111157
       0.110050
       0.108928
       0.107790
       0.106639
       0.105476
       0.104304
       0.103123
       0.101937
       0.100745
       0.099552
       0.098356
       0.097160
       0.095966
       0.094776
       0.093589
       0.092408
       0.091234
       0.090067
       0.088909
       0.087761
       0.086623
       0.085497
       0.084383
       0.083281
       0.082192
       0.081117
       0.080056
       0.079010
       0.077977
       0.076961
       0.075958
       0.074972
       0.074001
       0.073045
       0.072105
