       0.017411
       0.017610
       0.017811
       0.018011
       0.018211
       0.018411
       0.018610
       0.018807
       0.019003
       0.019197
       0.019388
       0.019575
       0.019759
       0.019939
       0.020114
       0.020284
       0.020448
       0.020605
       0.020756
       0.020899
       0.021034
       0.021161
       0.021279
       0.021388
       0.021488
       0.021578
       0.021658
       0.021728
       0.021788
       0.021838
       0.021878
       0.021908
       0.021928
       0.021939
       0.021940
       0.021933
       0.021917
       0.021893
       0.021862
       0.021824
       0.021779
       0.021728
       0.021672
       0.021611
       0.021546
       0.021477
       0.021405
       0.021331
       0.021254
       0.021176
       0.021097
       0.021018
       0.020938
       0.020859
       0.020780
       0.020702
       0.020626
       0.020551
       0.020478
       0.020408
       0.020339
       0.020273
       0.020210
       0.020150
       0.020093
       0.020038
       0.019987
       0.019939
       0.019894
       0.019852
       0.019813
       0.019777
       0.019745
       0.019715
       0.019688
       0.019664
       0.019643
       0.019623
       0.019607
       0.019592
       0.019579
       0.019568
       0.019559
       0.019551
       0.019543
       0.019537
       0.019531
       0.019525
       0.019518
       0.019512
       0.019504
       0.019496
       0.019486
       0.019474
       0.019459
       0.019442
       0.019422
       0.019399
       0.019372
       0.019341
       0.019305
       0.019264
       0.019219
       0.019168
       0.019111
       0.019048
       0.018978
       0.018902
       0.018820
       0.018730
       0.018634
       0.018530
       0.018419
       0.018301
       0.018176
       0.018043
       0.017904
       0.017758
       0.017604
       0.017445
       0.017279
       0.017107
       0.016930
       0.016747
       0.016559
       0.016366
       0.016169
       0.015968
       0.015764
       0.015556
       0.015345
       0.015132
       0.014917
       0.014701
       0.014483
       0.014263
       0.014044
       0.013824
       0.013604
       0.013384
       0.013164
       0.012946
       0.012728
       0.012512
       0.012297
       0.012084
       0.011872
       0.011662
       0.011455
       0.011249
       0.011046
       0.010845
       0.010647
       0.010451
       0.010257
       0.010067
       0.009878
       0.009693
       0.009510
       0.009330
       0.009152
       0.008978
