     36.4400
     32.8410
     32.8860
     32.9310
     32.9760
     33.0209
     33.0659
     33.1109
     33.1559
     33.2009
     33.2459
     33.2909
     33.3359
     33.3808
     33.4258
     33.4708
     33.5158
     33.5608
     33.6058
     33.6508
     33.6958
     33.7407
     33.7857
     33.8307
     33.8757
     33.9207
     33.9657
     34.0107
     34.0557
     34.1006
     34.1456
     34.1906
     34.2356
     34.2806
     34.3256
     34.3706
     34.4156
     34.4605
     34.5055
     34.5505
     34.5955
     34.6405
     34.6855
     34.7305
     34.7755
     34.8204
     34.8654
     34.9104
     34.9554
     35.0004
     35.0454
     35.0904
     35.1354
     35.1803
     35.2253
     35.2703
     35.3153
     35.3603
     35.4053
     35.4503
     35.4953
     35.5402
     35.5852
     35.6302
     35.6752
     35.7202
     35.7652
     35.8102
     35.8552
     35.9001
     35.9451
     35.9901
     36.0351
     36.0801
     36.1251
     36.1701
     36.2151
     36.2600
     36.3050
     36.3500
     36.3950
     36.4400
     36.4850
     36.5300
     36.5750
     36.6200
     36.6649
     36.7099
     36.7549
     36.7999
     36.8449
     36.8899
     36.9349
     36.9799
     37.0248
     37.0698
     37.1148
     37.1598
     37.2048
     37.2498
     37.2948
     37.3398
     37.3847
     37.4297
     37.4747
     37.5197
     37.5647
     37.6097
     37.6547
     37.6997
     37.7446
     37.7896
     37.8346
     37.8796
     37.9246
     37.9696
     38.0146
     38.0596
     38.1045
     38.1495
     38.1945
     38.2395
     38.2845
     38.3295
     38.3745
     38.4195
     38.4644
     38.5094
     38.5544
     38.5994
     38.6444
     38.6894
     38.7344
     38.7794
     38.8243
     38.8693
     38.9143
     38.9593
     39.0043
     39.0493
     39.0943
     39.1393
     39.1842
     39.2292
     39.2742
     39.3192
     39.3642
     39.4092
     39.4542
     39.4992
     39.5441
     39.5891
     39.6341
     39.6791
     39.7241
     39.7691
     39.8141
     39.8591
     39.9040
     39.9490
     39.9940
     40.0390
     40.0840
