       0.015828
       0.016083
       0.016346
       0.016616
       0.016893
       0.017178
       0.017472
       0.017775
       0.018086
       0.018407
       0.018739
       0.019081
       0.019433
       0.019798
       0.020175
       0.020565
       0.020969
       0.021387
       0.021820
       0.022269
       0.022736
       0.023220
       0.023724
       0.024248
       0.024794
       0.025363
       0.025957
       0.026576
       0.027225
       0.027903
       0.028613
       0.029359
       0.030141
       0.030964
       0.031831
       0.032745
       0.033710
       0.034731
       0.035812
       0.036960
       0.038181
       0.039481
       0.040870
       0.042356
       0.043951
       0.045666
       0.047516
       0.049518
       0.051691
       0.054058
       0.056646
       0.059489
       0.062626
       0.066105
       0.069986
       0.074342
       0.079266
       0.084880
       0.091336
       0.098843
       0.107678
       0.118231
       0.131053
       0.146969
       0.167252
       0.193987
       0.230836
       0.284875
       0.371810
       0.534824
       0.951453
       4.286748
       1.713331
       0.714472
       0.451520
       0.330133
       0.260242
       0.214807
       0.182906
       0.159270
       0.141058
       0.126594
       0.114829
       0.105071
       0.096846
       0.089820
       0.083749
       0.078449
       0.073782
       0.069642
       0.065943
       0.062619
       0.059615
       0.056887
       0.054399
       0.052120
       0.050026
       0.048093
       0.046305
       0.044645
       0.043101
       0.041660
       0.040312
       0.039049
       0.037863
       0.036747
       0.035695
       0.034701
       0.033761
       0.032871
       0.032026
       0.031224
       0.030461
       0.029734
       0.029041
       0.028379
       0.027747
       0.027142
       0.026563
       0.026008
       0.025475
       0.024964
       0.024472
       0.024000
       0.023545
       0.023107
       0.022684
       0.022277
       0.021884
       0.021504
       0.021137
       0.020782
       0.020439
       0.020107
       0.019785
       0.019473
       0.019170
       0.018877
       0.018592
       0.018315
       0.018047
       0.017786
       0.017532
       0.017285
       0.017045
       0.016811
       0.016583
       0.016362
       0.016146
       0.015935
       0.015729
       0.015529
       0.015334
       0.015143
       0.014956
       0.014774
       0.014597
       0.014423
       0.014253
       0.014087
       0.013924
       0.013765
