       0.007774
       0.007889
       0.008007
       0.008128
       0.008254
       0.008382
       0.008515
       0.008651
       0.008792
       0.008938
       0.009087
       0.009242
       0.009402
       0.009567
       0.009738
       0.009915
       0.010099
       0.010289
       0.010486
       0.010691
       0.010903
       0.011124
       0.011354
       0.011593
       0.011842
       0.012103
       0.012374
       0.012658
       0.012955
       0.013267
       0.013593
       0.013936
       0.014296
       0.014675
       0.015075
       0.015497
       0.015943
       0.016415
       0.016916
       0.017449
       0.018017
       0.018622
       0.019270
       0.019964
       0.020711
       0.021515
       0.022385
       0.023328
       0.024354
       0.025476
       0.026706
       0.028061
       0.029563
       0.031234
       0.033108
       0.035221
       0.037624
       0.040382
       0.043578
       0.047326
       0.051783
       0.057173
       0.063821
       0.072227
       0.083195
       0.098108
       0.119562
       0.153073
       0.212774
       0.349071
       0.973275
       1.231360
       0.376801
       0.222306
       0.157603
       0.122034
       0.099539
       0.084026
       0.072682
       0.064025
       0.057201
       0.051683
       0.047130
       0.043307
       0.040054
       0.037250
       0.034809
       0.032664
       0.030765
       0.029072
       0.027552
       0.026181
       0.024937
       0.023804
       0.022767
       0.021815
       0.020937
       0.020126
       0.019373
       0.018673
       0.018021
       0.017411
       0.016839
       0.016303
       0.015799
       0.015323
       0.014874
       0.014450
       0.014048
       0.013667
       0.013305
       0.012961
       0.012633
       0.012321
       0.012023
       0.011738
       0.011465
       0.011204
       0.010954
       0.010714
       0.010483
       0.010262
       0.010049
       0.009844
       0.009647
       0.009456
       0.009273
       0.009096
       0.008925
       0.008759
       0.008599
       0.008445
       0.008295
       0.008150
       0.008009
       0.007872
       0.007740
       0.007612
       0.007487
       0.007365
       0.007248
       0.007133
       0.007021
       0.006913
       0.006807
       0.006704
       0.006604
       0.006506
       0.006411
       0.006318
       0.006227
       0.006138
       0.006052
       0.005967
       0.005885
       0.005804
       0.005725
       0.005648
       0.005572
       0.005498
       0.005426
       0.005355
