    237.6500
    214.1784
    214.4718
    214.7652
    215.0586
    215.3520
    215.6454
    215.9388
    216.2322
    216.5256
    216.8190
    217.1123
    217.4057
    217.6991
    217.9925
    218.2859
    218.5793
    218.8727
    219.1661
    219.4595
    219.7529
    220.0463
    220.3397
    220.6331
    220.9265
    221.2199
    221.5133
    221.8067
    222.1001
    222.3935
    222.6869
    222.9802
    223.2736
    223.5670
    223.8604
    224.1538
    224.4472
    224.7406
    225.0340
    225.3274
    225.6208
    225.9142
    226.2076
    226.5010
    226.7944
    227.0878
    227.3812
    227.6746
    227.9680
    228.2614
    228.5548
    228.8481
    229.1415
    229.4349
    229.7283
    230.0217
    230.3151
    230.6085
    230.9019
    231.1953
    231.4887
    231.7821
    232.0755
    232.3689
    232.6623
    232.9557
    233.2491
    233.5425
    233.8359
    234.1293
    234.4227
    234.7160
    235.0094
    235.3028
    235.5962
    235.8896
    236.1830
    236.4764
    236.7698
    237.0632
    237.3566
    237.6500
    237.9434
    238.2368
    238.5302
    238.8236
    239.1170
    239.4104
    239.7038
    239.9972
    240.2906
    240.5840
    240.8773
    241.1707
    241.4641
    241.7575
    242.0509
    242.3443
    242.6377
    242.9311
    243.2245
    243.5179
    243.8113
    244.1047
    244.3981
    244.6915
    244.9849
    245.2783
    245.5717
    245.8651
    246.1585
    246.4519
    246.7452
    247.0386
    247.3320
    247.6254
    247.9188
    248.2122
    248.5056
    248.7990
    249.0924
    249.3858
    249.6792
    249.9726
    250.2660
    250.5594
    250.8528
    251.1462
    251.4396
    251.7330
    252.0264
    252.3198
    252.6131
    252.9065
    253.1999
    253.4933
    253.7867
    254.0801
    254.3735
    254.6669
    254.9603
    255.2537
    255.5471
    255.8405
    256.1339
    256.4273
    256.7207
    257.0141
    257.3075
    257.6009
    257.8943
    258.1877
    258.4810
    258.7744
    259.0678
    259.3612
    259.6546
    259.9480
    260.2414
    260.5348
    260.8282
    261.1216
    261.4150
