     77.3600
     69.7195
     69.8150
     69.9105
     70.0060
     70.1015
     70.1970
     70.2925
     70.3880
     70.4836
     70.5791
     70.6746
     70.7701
     70.8656
     70.9611
     71.0566
     71.1521
     71.2476
     71.3431
     71.4386
     71.5341
     71.6296
     71.7251
     71.8206
     71.9161
     72.0117
     72.1072
     72.2027
     72.2982
     72.3937
     72.4892
     72.5847
     72.6802
     72.7757
     72.8712
     72.9667
     73.0622
     73.1577
     73.2532
     73.3487
     73.4442
     73.5398
     73.6353
     73.7308
     73.8263
     73.9218
     74.0173
     74.1128
     74.2083
     74.3038
     74.3993
     74.4948
     74.5903
     74.6858
     74.7813
     74.8768
     74.9723
     75.0679
     75.1634
     75.2589
     75.3544
     75.4499
     75.5454
     75.6409
     75.7364
     75.8319
     75.9274
     76.0229
     76.1184
     76.2139
     76.3094
     76.4049
     76.5004
     76.5960
     76.6915
     76.7870
     76.8825
     76.9780
     77.0735
     77.1690
     77.2645
     77.3600
     77.4555
     77.5510
     77.6465
     77.7420
     77.8375
     77.9330
     78.0285
     78.1240
     78.2196
     78.3151
     78.4106
     78.5061
     78.6016
     78.6971
     78.7926
     78.8881
     78.9836
     79.0791
     79.1746
     79.2701
     79.3656
     79.4611
     79.5566
     79.6521
     79.7477
     79.8432
     79.9387
     80.0342
     80.1297
     80.2252
     80.3207
     80.4162
     80.5117
     80.6072
     80.7027
     80.7982
     80.8937
     80.9892
     81.0847
     81.1802
     81.2758
     81.3713
     81.4668
     81.5623
     81.6578
     81.7533
     81.8488
     81.9443
     82.0398
     82.1353
     82.2308
     82.3263
     82.4218
     82.5173
     82.6128
     82.7083
     82.8039
     82.8994
     82.9949
     83.0904
     83.1859
     83.2814
     83.3769
     83.4724
     83.5679
     83.6634
     83.7589
     83.8544
     83.9499
     84.0454
     84.1409
     84.2364
     84.3320
     84.4275
     84.5230
     84.6185
     84.7140
     84.8095
     84.9050
     85.0005
     85.0960
