       0.021856
       0.022223
       0.022594
       0.022969
       0.023347
       0.023728
       0.024113
       0.024499
       0.024887
       0.025275
       0.025664
       0.026053
       0.026440
       0.026825
       0.027207
       0.027585
       0.027958
       0.028325
       0.028685
       0.029037
       0.029379
       0.029712
       0.030033
       0.030342
       0.030637
       0.030918
       0.031184
       0.031433
       0.031666
       0.031882
       0.032079
       0.032259
       0.032419
       0.032561
       0.032684
       0.032788
       0.032874
       0.032941
       0.032991
       0.033023
       0.033039
       0.033039
       0.033024
       0.032995
       0.032952
       0.032897
       0.032831
       0.032754
       0.032668
       0.032573
       0.032471
       0.032363
       0.032248
       0.032130
       0.032007
       0.031881
       0.031754
       0.031624
       0.031494
       0.031364
       0.031234
       0.031104
       0.030977
       0.030851
       0.030727
       0.030607
       0.030489
       0.030374
       0.030262
       0.030155
       0.030051
       0.029951
       0.029855
       0.029763
       0.029675
       0.029591
       0.029511
       0.029436
       0.029364
       0.029296
       0.029231
       0.029170
       0.029112
       0.029057
       0.029005
       0.028956
       0.028908
       0.028863
       0.028819
       0.028776
       0.028734
       0.028693
       0.028651
       0.028610
       0.028567
       0.028523
       0.028478
       0.028431
       0.028380
       0.028327
       0.028271
       0.028210
       0.028146
       0.028076
       0.028001
       0.027921
       0.027835
       0.027743
       0.027644
       0.027539
       0.027426
       0.027307
       0.027180
       0.027046
       0.026904
       0.026755
       0.026599
       0.026435
       0.026264
       0.026086
       0.025901
       0.025710
       0.025512
       0.025308
       0.025099
       0.024884
       0.024664
       0.024440
       0.024211
       0.023979
       0.023743
       0.023504
       0.023262
       0.023019
       0.022773
       0.022526
       0.022279
       0.022030
       0.021781
       0.021532
       0.021284
       0.021036
       0.020789
       0.020543
       0.020299
       0.020056
       0.019815
       0.019576
       0.019339
       0.019104
       0.018872
       0.018643
       0.018416
       0.018192
       0.017971
       0.017753
       0.017538
       0.017326
       0.017117
       0.016911
       0.016708
       0.016508
