    113.6000
    102.3802
    102.5205
    102.6607
    102.8010
    102.9412
    103.0815
    103.2217
    103.3620
    103.5022
    103.6425
    103.7827
    103.9230
    104.0632
    104.2035
    104.3437
    104.4840
    104.6242
    104.7644
    104.9047
    105.0449
    105.1852
    105.3254
    105.4657
    105.6059
    105.7462
    105.8864
    106.0267
    106.1669
    106.3072
    106.4474
    106.5877
    106.7279
    106.8681
    107.0084
    107.1486
    107.2889
    107.4291
    107.5694
    107.7096
    107.8499
    107.9901
    108.1304
    108.2706
    108.4109
    108.5511
    108.6914
    108.8316
    108.9719
    109.1121
    109.2523
    109.3926
    109.5328
    109.6731
    109.8133
    109.9536
    110.0938
    110.2341
    110.3743
    110.5146
    110.6548
    110.7951
    110.9353
    111.0756
    111.2158
    111.3560
    111.4963
    111.6365
    111.7768
    111.9170
    112.0573
    112.1975
    112.3378
    112.4780
    112.6183
    112.7585
    112.8988
    113.0390
    113.1793
    113.3195
    113.4598
    113.6000
    113.7402
    113.8805
    114.0207
    114.1610
    114.3012
    114.4415
    114.5817
    114.7220
    114.8622
    115.0025
    115.1427
    115.2830
    115.4232
    115.5635
    115.7037
    115.8440
    115.9842
    116.1244
    116.2647
    116.4049
    116.5452
    116.6854
    116.8257
    116.9659
    117.1062
    117.2464
    117.3867
    117.5269
    117.6672
    117.8074
    117.9477
    118.0879
    118.2281
    118.3684
    118.5086
    118.6489
    118.7891
    118.9294
    119.0696
    119.2099
    119.3501
    119.4904
    119.6306
    119.7709
    119.9111
    120.0514
    120.1916
    120.3319
    120.4721
    120.6123
    120.7526
    120.8928
    121.0331
    121.1733
    121.3136
    121.4538
    121.5941
    121.7343
    121.8746
    122.0148
    122.1551
    122.2953
    122.4356
    122.5758
    122.7160
    122.8563
    122.9965
    123.1368
    123.2770
    123.4173
    123.5575
    123.6978
    123.8380
    123.9783
    124.1185
    124.2588
    124.3990
    124.5393
    124.6795
    124.8198
    124.9600
