    244.7500
    220.5772
    220.8793
    221.1815
    221.4836
    221.7858
    222.0880
    222.3901
    222.6923
    222.9944
    223.2966
    223.5988
    223.9009
    224.2031
    224.5052
    224.8074
    225.1096
    225.4117
    225.7139
    226.0160
    226.3182
    226.6204
    226.9225
    227.2247
    227.5269
    227.8290
    228.1312
    228.4333
    228.7355
    229.0377
    229.3398
    229.6420
    229.9441
    230.2463
    230.5485
    230.8506
    231.1528
    231.4549
    231.7571
    232.0593
    232.3614
    232.6636
    232.9657
    233.2679
    233.5701
    233.8722
    234.1744
    234.4765
    234.7787
    235.0809
    235.3830
    235.6852
    235.9873
    236.2895
    236.5917
    236.8938
    237.1960
    237.4981
    237.8003
    238.1025
    238.4046
    238.7068
    239.0090
    239.3111
    239.6133
    239.9154
    240.2176
    240.5198
    240.8219
    241.1241
    241.4262
    241.7284
    242.0306
    242.3327
    242.6349
    242.9370
    243.2392
    243.5414
    243.8435
    244.1457
    244.4478
    244.7500
    245.0522
    245.3543
    245.6565
    245.9586
    246.2608
    246.5630
    246.8651
    247.1673
    247.4694
    247.7716
    248.0738
    248.3759
    248.6781
    248.9802
    249.2824
    249.5846
    249.8867
    250.1889
    250.4910
    250.7932
    251.0954
    251.3975
    251.6997
    252.0019
    252.3040
    252.6062
    252.9083
    253.2105
    253.5127
    253.8148
    254.1170
    254.4191
    254.7213
    255.0235
    255.3256
    255.6278
    255.9299
    256.2321
    256.5343
    256.8364
    257.1386
    257.4407
    257.7429
    258.0451
    258.3472
    258.6494
    258.9515
    259.2537
    259.5559
    259.8580
    260.1602
    260.4623
    260.7645
    261.0667
    261.3688
    261.6710
    261.9731
    262.2753
    262.5775
    262.8796
    263.1818
    263.4840
    263.7861
    264.0883
    264.3904
    264.6926
    264.9948
    265.2969
    265.5991
    265.9012
    266.2034
    266.5056
    266.8077
    267.1099
    267.4120
    267.7142
    268.0164
    268.3185
    268.6207
    268.9228
    269.2250
