       0.012294
       0.012455
       0.012613
       0.012770
       0.012923
       0.013074
       0.013222
       0.013367
       0.013507
       0.013644
       0.013777
       0.013906
       0.014030
       0.014149
       0.014264
       0.014373
       0.014478
       0.014577
       0.014671
       0.014760
       0.014843
       0.014922
       0.014995
       0.015063
       0.015126
       0.015185
       0.015239
       0.015288
       0.015333
       0.015374
       0.015412
       0.015446
       0.015477
       0.015505
       0.015530
       0.015553
       0.015575
       0.015594
       0.015612
       0.015629
       0.015645
       0.015661
       0.015676
       0.015692
       0.015708
       0.015725
       0.015743
       0.015762
       0.015782
       0.015804
       0.015828
       0.015855
       0.015884
       0.015915
       0.015949
       0.015987
       0.016027
       0.016071
       0.016119
       0.016170
       0.016225
       0.016284
       0.016347
       0.016414
       0.016486
       0.016562
       0.016643
       0.016728
       0.016818
       0.016912
       0.017011
       0.017114
       0.017223
       0.017335
       0.017452
       0.017574
       0.017699
       0.017829
       0.017962
       0.018099
       0.018239
       0.018382
       0.018527
       0.018675
       0.018824
       0.018974
       0.019125
       0.019276
       0.019425
       0.019573
       0.019718
       0.019860
       0.019998
       0.020130
       0.020256
       0.020375
       0.020485
       0.020586
       0.020676
       0.020755
       0.020821
       0.020874
       0.020913
       0.020937
       0.020945
       0.020937
       0.020913
       0.020872
       0.020815
       0.020741
       0.020650
       0.020543
       0.020421
       0.020284
       0.020133
       0.019969
       0.019792
       0.019604
       0.019405
       0.019197
       0.018981
       0.018758
       0.018528
       0.018293
       0.018054
       0.017812
       0.017567
       0.017321
       0.017073
       0.016826
       0.016579
       0.016333
       0.016088
       0.015845
       0.015605
       0.015368
       0.015133
       0.014902
       0.014674
       0.014450
       0.014230
       0.014014
       0.013801
       0.013593
       0.013389
       0.013189
       0.012994
       0.012802
       0.012614
       0.012431
       0.012252
       0.012076
       0.011905
       0.011738
       0.011574
       0.011414
       0.011258
       0.011105
       0.010956
       0.010810
       0.010668
       0.010528
