       0.000595
       0.000602
       0.000608
       0.000613
       0.000618
       0.000623
       0.000627
       0.000630
       0.000632
       0.000633
       0.000633
       0.000633
       0.000631
       0.000629
       0.000625
       0.000620
       0.000614
       0.000607
       0.000598
       0.000588
       0.000577
       0.000564
       0.000550
       0.000534
       0.000517
       0.000499
       0.000478
       0.000457
       0.000433
       0.000408
       0.000382
       0.000354
       0.000324
       0.000292
       0.000259
       0.000223
       0.000187
       0.000149
       0.000114
       0.000091
       0.000097
       0.000138
       0.000203
       0.000289
       0.000401
       0.000554
       0.000778
       0.001157
       0.001987
       0.005609
       0.007790
       0.002331
       0.001366
       0.000961
       0.000740
       0.000607
       0.000526
       0.000479
       0.000458
       0.000457
       0.000469
       0.000493
       0.000523
       0.000559
       0.000599
       0.000642
       0.000687
       0.000734
       0.000783
       0.000833
       0.000885
       0.000938
       0.000993
       0.001048
       0.001106
       0.001165
       0.001225
       0.001288
       0.001352
       0.001418
       0.001486
       0.001556
       0.001628
       0.001703
       0.001780
       0.001860
       0.001942
       0.002028
       0.002117
       0.002210
       0.002306
       0.002406
       0.002510
       0.002619
       0.002732
       0.002851
       0.002975
       0.003105
       0.003241
       0.003383
       0.003533
       0.003690
       0.003856
       0.004030
       0.004213
       0.004407
       0.004612
       0.004828
       0.005056
       0.005298
       0.005555
       0.005826
       0.006115
       0.006421
       0.006746
       0.007092
       0.007459
       0.007849
       0.008262
       0.008701
       0.009164
       0.009653
       0.010166
       0.010702
       0.011258
       0.011829
       0.012407
       0.012983
       0.013545
       0.014077
       0.014562
       0.014980
       0.015313
       0.015547
       0.015668
       0.015673
       0.015564
       0.015350
       0.015043
       0.014663
       0.014225
       0.013748
       0.013247
       0.012735
       0.012222
       0.011716
       0.011222
       0.010744
       0.010285
       0.009846
       0.009428
       0.009031
       0.008654
       0.008297
       0.007959
       0.007638
       0.007335
       0.007048
       0.006776
       0.006518
       0.006274
       0.006042
