    112.6300
    101.5060
    101.6451
    101.7841
    101.9232
    102.0622
    102.2013
    102.3403
    102.4794
    102.6184
    102.7575
    102.8965
    103.0356
    103.1746
    103.3137
    103.4527
    103.5918
    103.7308
    103.8699
    104.0089
    104.1480
    104.2870
    104.4261
    104.5651
    104.7042
    104.8432
    104.9823
    105.1213
    105.2604
    105.3994
    105.5385
    105.6775
    105.8166
    105.9556
    106.0947
    106.2337
    106.3728
    106.5118
    106.6509
    106.7899
    106.9290
    107.0680
    107.2071
    107.3461
    107.4852
    107.6242
    107.7633
    107.9023
    108.0414
    108.1804
    108.3195
    108.4585
    108.5976
    108.7366
    108.8757
    109.0147
    109.1538
    109.2928
    109.4319
    109.5709
    109.7100
    109.8490
    109.9881
    110.1271
    110.2662
    110.4052
    110.5443
    110.6833
    110.8224
    110.9614
    111.1005
    111.2395
    111.3786
    111.5176
    111.6567
    111.7957
    111.9348
    112.0738
    112.2129
    112.3519
    112.4910
    112.6300
    112.7690
    112.9081
    113.0471
    113.1862
    113.3252
    113.4643
    113.6033
    113.7424
    113.8814
    114.0205
    114.1595
    114.2986
    114.4376
    114.5767
    114.7157
    114.8548
    114.9938
    115.1329
    115.2719
    115.4110
    115.5500
    115.6891
    115.8281
    115.9672
    116.1062
    116.2453
    116.3843
    116.5234
    116.6624
    116.8015
    116.9405
    117.0796
    117.2186
    117.3577
    117.4967
    117.6358
    117.7748
    117.9139
    118.0529
    118.1920
    118.3310
    118.4701
    118.6091
    118.7482
    118.8872
    119.0263
    119.1653
    119.3044
    119.4434
    119.5825
    119.7215
    119.8606
    119.9996
    120.1387
    120.2777
    120.4168
    120.5558
    120.6949
    120.8339
    120.9730
    121.1120
    121.2511
    121.3901
    121.5292
    121.6682
    121.8073
    121.9463
    122.0854
    122.2244
    122.3635
    122.5025
    122.6416
    122.7806
    122.9197
    123.0587
    123.1978
    123.3368
    123.4759
    123.6149
    123.7540
    123.8930
