       0.005666
       0.005757
       0.005850
       0.005946
       0.006044
       0.006145
       0.006250
       0.006357
       0.006468
       0.006582
       0.006700
       0.006822
       0.006948
       0.007077
       0.007212
       0.007351
       0.007495
       0.007644
       0.007799
       0.007960
       0.008126
       0.008300
       0.008480
       0.008668
       0.008864
       0.009068
       0.009281
       0.009504
       0.009738
       0.009982
       0.010238
       0.010507
       0.010790
       0.011087
       0.011401
       0.011733
       0.012083
       0.012454
       0.012848
       0.013266
       0.013712
       0.014188
       0.014698
       0.015244
       0.015831
       0.016464
       0.017149
       0.017892
       0.018701
       0.019585
       0.020556
       0.021626
       0.022813
       0.024135
       0.025618
       0.027294
       0.029202
       0.031394
       0.033939
       0.036930
       0.040497
       0.044821
       0.050176
       0.056977
       0.065906
       0.078143
       0.095947
       0.124241
       0.176166
       0.302569
       1.070268
       0.696657
       0.262836
       0.161987
       0.117075
       0.091663
       0.075316
       0.063918
       0.055516
       0.049066
       0.043958
       0.039813
       0.036381
       0.033493
       0.031030
       0.028903
       0.027049
       0.025417
       0.023970
       0.022679
       0.021519
       0.020471
       0.019520
       0.018653
       0.017859
       0.017129
       0.016456
       0.015833
       0.015255
       0.014718
       0.014216
       0.013747
       0.013308
       0.012895
       0.012507
       0.012141
       0.011795
       0.011468
       0.011158
       0.010864
       0.010585
       0.010320
       0.010067
       0.009825
       0.009595
       0.009375
       0.009164
       0.008962
       0.008769
       0.008583
       0.008405
       0.008234
       0.008069
       0.007910
       0.007758
       0.007610
       0.007468
       0.007331
       0.007198
       0.007070
       0.006946
       0.006826
       0.006710
       0.006597
       0.006488
       0.006382
       0.006279
       0.006180
       0.006083
       0.005988
       0.005897
       0.005808
       0.005721
       0.005637
       0.005554
       0.005474
       0.005396
       0.005320
       0.005246
       0.005174
       0.005103
       0.005034
       0.004967
       0.004901
       0.004836
       0.004773
       0.004712
       0.004652
       0.004593
       0.004535
       0.004479
       0.004424
