       0.081468
       0.082546
       0.083655
       0.084796
       0.085970
       0.087179
       0.088425
       0.089709
       0.091032
       0.092398
       0.093807
       0.095262
       0.096766
       0.098321
       0.099929
       0.101593
       0.103316
       0.105101
       0.106951
       0.108872
       0.110866
       0.112938
       0.115091
       0.117333
       0.119667
       0.122099
       0.124637
       0.127286
       0.130056
       0.132952
       0.135985
       0.139166
       0.142503
       0.146011
       0.149700
       0.153589
       0.157691
       0.162024
       0.166611
       0.171471
       0.176632
       0.182121
       0.187972
       0.194221
       0.200912
       0.208091
       0.215816
       0.224147
       0.233160
       0.242948
       0.253609
       0.265266
       0.278073
       0.292195
       0.307853
       0.325317
       0.344906
       0.367044
       0.392271
       0.421255
       0.454931
       0.494502
       0.541705
       0.598954
       0.669872
       0.760001
       0.878366
       1.040642
       1.276941
       1.652738
       2.343752
       4.031444
      14.454521
       9.090836
       3.455477
       2.131625
       1.540693
       1.205797
       0.990275
       0.839905
       0.729057
       0.643925
       0.576532
       0.521807
       0.476529
       0.438414
       0.405913
       0.377856
       0.353391
       0.331868
       0.312794
       0.295767
       0.280480
       0.266673
       0.254148
       0.242725
       0.232274
       0.222674
       0.213819
       0.205632
       0.198037
       0.190975
       0.184389
       0.178232
       0.172468
       0.167054
       0.161964
       0.157167
       0.152640
       0.148361
       0.144310
       0.140468
       0.136821
       0.133353
       0.130051
       0.126906
       0.123904
       0.121036
       0.118295
       0.115671
       0.113158
       0.110748
       0.108436
       0.106215
       0.104079
       0.102026
       0.100049
       0.098144
       0.096308
       0.094536
       0.092827
       0.091176
       0.089580
       0.088037
       0.086544
       0.085099
       0.083700
       0.082343
       0.081028
       0.079753
       0.078515
       0.077314
       0.076147
       0.075013
       0.073911
       0.072840
       0.071797
       0.070783
       0.069795
       0.068833
       0.067896
       0.066983
       0.066093
       0.065225
       0.064379
       0.063552
       0.062746
       0.061959
       0.061190
       0.060439
       0.059705
       0.058988
