       0.108286
       0.109770
       0.111269
       0.112784
       0.114312
       0.115852
       0.117401
       0.118957
       0.120517
       0.122080
       0.123642
       0.125200
       0.126750
       0.128290
       0.129816
       0.131323
       0.132808
       0.134265
       0.135692
       0.137085
       0.138438
       0.139748
       0.141009
       0.142219
       0.143373
       0.144468
       0.145500
       0.146465
       0.147363
       0.148190
       0.148944
       0.149624
       0.150229
       0.150760
       0.151215
       0.151597
       0.151906
       0.152144
       0.152313
       0.152416
       0.152456
       0.152435
       0.152359
       0.152229
       0.152053
       0.151831
       0.151570
       0.151274
       0.150946
       0.150592
       0.150215
       0.149820
       0.149411
       0.148991
       0.148565
       0.148136
       0.147706
       0.147281
       0.146861
       0.146451
       0.146052
       0.145667
       0.145297
       0.144945
       0.144612
       0.144300
       0.144010
       0.143742
       0.143498
       0.143278
       0.143083
       0.142911
       0.142765
       0.142643
       0.142545
       0.142470
       0.142418
       0.142387
       0.142376
       0.142385
       0.142411
       0.142452
       0.142507
       0.142573
       0.142649
       0.142730
       0.142816
       0.142902
       0.142985
       0.143063
       0.143132
       0.143188
       0.143227
       0.143246
       0.143242
       0.143208
       0.143143
       0.143043
       0.142903
       0.142719
       0.142489
       0.142209
       0.141875
       0.141485
       0.141038
       0.140530
       0.139959
       0.139326
       0.138628
       0.137866
       0.137040
       0.136150
       0.135198
       0.134184
       0.133111
       0.131983
       0.130800
       0.129566
       0.128284
       0.126959
       0.125592
       0.124190
       0.122755
       0.121291
       0.119802
       0.118293
       0.116767
       0.115227
       0.113677
       0.112120
       0.110562
       0.109002
       0.107446
       0.105894
       0.104351
       0.102818
       0.101297
       0.099790
       0.098298
       0.096824
       0.095367
       0.093931
       0.092514
       0.091119
       0.089746
       0.088395
       0.087068
       0.085763
       0.084482
       0.083224
       0.081991
       0.080780
       0.079594
       0.078431
       0.077292
       0.076175
       0.075082
       0.074011
       0.072963
       0.071936
       0.070931
       0.069947
