     36.1600
     32.5886
     32.6333
     32.6779
     32.7226
     32.7672
     32.8119
     32.8565
     32.9011
     32.9458
     32.9904
     33.0351
     33.0797
     33.1243
     33.1690
     33.2136
     33.2583
     33.3029
     33.3476
     33.3922
     33.4368
     33.4815
     33.5261
     33.5708
     33.6154
     33.6600
     33.7047
     33.7493
     33.7940
     33.8386
     33.8833
     33.9279
     33.9725
     34.0172
     34.0618
     34.1065
     34.1511
     34.1958
     34.2404
     34.2850
     34.3297
     34.3743
     34.4190
     34.4636
     34.5082
     34.5529
     34.5975
     34.6422
     34.6868
     34.7315
     34.7761
     34.8207
     34.8654
     34.9100
     34.9547
     34.9993
     35.0440
     35.0886
     35.1332
     35.1779
     35.2225
     35.2672
     35.3118
     35.3564
     35.4011
     35.4457
     35.4904
     35.5350
     35.5797
     35.6243
     35.6689
     35.7136
     35.7582
     35.8029
     35.8475
     35.8921
     35.9368
     35.9814
     36.0261
     36.0707
     36.1154
     36.1600
     36.2046
     36.2493
     36.2939
     36.3386
     36.3832
     36.4279
     36.4725
     36.5171
     36.5618
     36.6064
     36.6511
     36.6957
     36.7403
     36.7850
     36.8296
     36.8743
     36.9189
     36.9636
     37.0082
     37.0528
     37.0975
     37.1421
     37.1868
     37.2314
     37.2760
     37.3207
     37.3653
     37.4100
     37.4546
     37.4993
     37.5439
     37.5885
     37.6332
     37.6778
     37.7225
     37.7671
     37.8118
     37.8564
     37.9010
     37.9457
     37.9903
     38.0350
     38.0796
     38.1242
     38.1689
     38.2135
     38.2582
     38.3028
     38.3475
     38.3921
     38.4367
     38.4814
     38.5260
     38.5707
     38.6153
     38.6600
     38.7046
     38.7492
     38.7939
     38.8385
     38.8832
     38.9278
     38.9724
     39.0171
     39.0617
     39.1064
     39.1510
     39.1957
     39.2403
     39.2849
     39.3296
     39.3742
     39.4189
     39.4635
     39.5081
     39.5528
     39.5974
     39.6421
     39.6867
     39.7314
     39.7760
