     80.0300
     72.1258
     72.2246
     72.3234
     72.4222
     72.5210
     72.6198
     72.7186
     72.8174
     72.9162
     73.0150
     73.1138
     73.2126
     73.3114
     73.4102
     73.5090
     73.6078
     73.7066
     73.8054
     73.9042
     74.0030
     74.1019
     74.2007
     74.2995
     74.3983
     74.4971
     74.5959
     74.6947
     74.7935
     74.8923
     74.9911
     75.0899
     75.1887
     75.2875
     75.3863
     75.4851
     75.5839
     75.6827
     75.7815
     75.8803
     75.9791
     76.0779
     76.1767
     76.2755
     76.3743
     76.4731
     76.5719
     76.6707
     76.7695
     76.8683
     76.9671
     77.0659
     77.1647
     77.2635
     77.3623
     77.4611
     77.5599
     77.6587
     77.7575
     77.8563
     77.9551
     78.0540
     78.1528
     78.2516
     78.3504
     78.4492
     78.5480
     78.6468
     78.7456
     78.8444
     78.9432
     79.0420
     79.1408
     79.2396
     79.3384
     79.4372
     79.5360
     79.6348
     79.7336
     79.8324
     79.9312
     80.0300
     80.1288
     80.2276
     80.3264
     80.4252
     80.5240
     80.6228
     80.7216
     80.8204
     80.9192
     81.0180
     81.1168
     81.2156
     81.3144
     81.4132
     81.5120
     81.6108
     81.7096
     81.8084
     81.9072
     82.0060
     82.1049
     82.2037
     82.3025
     82.4013
     82.5001
     82.5989
     82.6977
     82.7965
     82.8953
     82.9941
     83.0929
     83.1917
     83.2905
     83.3893
     83.4881
     83.5869
     83.6857
     83.7845
     83.8833
     83.9821
     84.0809
     84.1797
     84.2785
     84.3773
     84.4761
     84.5749
     84.6737
     84.7725
     84.8713
     84.9701
     85.0689
     85.1677
     85.2665
     85.3653
     85.4641
     85.5629
     85.6617
     85.7605
     85.8593
     85.9581
     86.0570
     86.1558
     86.2546
     86.3534
     86.4522
     86.5510
     86.6498
     86.7486
     86.8474
     86.9462
     87.0450
     87.1438
     87.2426
     87.3414
     87.4402
     87.5390
     87.6378
     87.7366
     87.8354
     87.9342
     88.0330
