       0.008958
       0.009086
       0.009215
       0.009343
       0.009471
       0.009599
       0.009726
       0.009853
       0.009978
       0.010101
       0.010222
       0.010342
       0.010458
       0.010572
       0.010683
       0.010791
       0.010894
       0.010994
       0.011089
       0.011180
       0.011265
       0.011345
       0.011420
       0.011490
       0.011553
       0.011610
       0.011662
       0.011707
       0.011746
       0.011779
       0.011806
       0.011826
       0.011841
       0.011850
       0.011853
       0.011850
       0.011842
       0.011829
       0.011812
       0.011790
       0.011763
       0.011733
       0.011698
       0.011661
       0.011620
       0.011577
       0.011531
       0.011483
       0.011433
       0.011381
       0.011328
       0.011274
       0.011219
       0.011163
       0.011107
       0.011051
       0.010994
       0.010938
       0.010882
       0.010826
       0.010771
       0.010717
       0.010663
       0.010611
       0.010559
       0.010508
       0.010459
       0.010410
       0.010363
       0.010317
       0.010273
       0.010229
       0.010187
       0.010146
       0.010107
       0.010068
       0.010031
       0.009995
       0.009960
       0.009927
       0.009894
       0.009862
       0.009831
       0.009801
       0.009772
       0.009743
       0.009714
       0.009687
       0.009659
       0.009631
       0.009604
       0.009576
       0.009549
       0.009520
       0.009492
       0.009462
       0.009432
       0.009401
       0.009369
       0.009335
       0.009300
       0.009263
       0.009225
       0.009185
       0.009143
       0.009099
       0.009053
       0.009005
       0.008954
       0.008901
       0.008845
       0.008787
       0.008727
       0.008664
       0.008599
       0.008531
       0.008461
       0.008389
       0.008314
       0.008237
       0.008159
       0.008078
       0.007996
       0.007912
       0.007826
       0.007739
       0.007651
       0.007562
       0.007472
       0.007382
       0.007290
       0.007198
       0.007106
       0.007014
       0.006922
       0.006830
       0.006738
       0.006647
       0.006555
       0.006465
       0.006375
       0.006286
       0.006198
       0.006110
       0.006024
       0.005939
       0.005854
       0.005771
       0.005689
       0.005608
       0.005528
       0.005450
       0.005373
       0.005297
       0.005222
       0.005148
       0.005076
       0.005005
       0.004936
       0.004867
       0.004800
       0.004734
