       0.008522
       0.008683
       0.008848
       0.009017
       0.009191
       0.009370
       0.009554
       0.009743
       0.009938
       0.010139
       0.010345
       0.010559
       0.010779
       0.011006
       0.011241
       0.011483
       0.011734
       0.011994
       0.012263
       0.012542
       0.012831
       0.013131
       0.013443
       0.013768
       0.014105
       0.014457
       0.014824
       0.015207
       0.015606
       0.016025
       0.016463
       0.016922
       0.017404
       0.017910
       0.018444
       0.019005
       0.019598
       0.020225
       0.020889
       0.021593
       0.022342
       0.023139
       0.023989
       0.024899
       0.025875
       0.026923
       0.028054
       0.029276
       0.030603
       0.032046
       0.033624
       0.035356
       0.037265
       0.039380
       0.041738
       0.044382
       0.047368
       0.050768
       0.054673
       0.059207
       0.064534
       0.070882
       0.078579
       0.088105
       0.100201
       0.116069
       0.137804
       0.169396
       0.219523
       0.311285
       0.533378
       1.844502
       1.272787
       0.474243
       0.291810
       0.210945
       0.165297
       0.135972
       0.115540
       0.100490
       0.088941
       0.079799
       0.072382
       0.066243
       0.061078
       0.056672
       0.052869
       0.049553
       0.046636
       0.044050
       0.041741
       0.039667
       0.037795
       0.036095
       0.034545
       0.033125
       0.031821
       0.030618
       0.029506
       0.028473
       0.027512
       0.026616
       0.025778
       0.024992
       0.024255
       0.023561
       0.022907
       0.022289
       0.021705
       0.021151
       0.020626
       0.020127
       0.019653
       0.019201
       0.018770
       0.018358
       0.017965
       0.017588
       0.017228
       0.016883
       0.016551
       0.016233
       0.015927
       0.015633
       0.015349
       0.015077
       0.014814
       0.014560
       0.014315
       0.014078
       0.013849
       0.013628
       0.013414
       0.013207
       0.013006
       0.012811
       0.012622
       0.012439
       0.012262
       0.012089
       0.011921
       0.011758
       0.011599
       0.011445
       0.011295
       0.011149
       0.011006
       0.010868
       0.010732
       0.010600
       0.010472
       0.010346
       0.010224
       0.010104
       0.009987
       0.009873
       0.009762
       0.009653
       0.009546
       0.009442
       0.009340
       0.009240
