       0.174952
       0.174028
       0.173019
       0.171935
       0.170787
       0.169585
       0.168337
       0.167054
       0.165744
       0.164414
       0.163073
       0.161726
       0.160381
       0.159043
       0.157717
       0.156407
       0.155117
       0.153851
       0.152610
       0.151399
       0.150218
       0.149070
       0.147955
       0.146874
       0.145827
       0.144816
       0.143839
       0.142897
       0.141989
       0.141113
       0.140270
       0.139458
       0.138674
       0.137919
       0.137190
       0.136486
       0.135804
       0.135141
       0.134497
       0.133870
       0.133254
       0.132650
       0.132055
       0.131464
       0.130877
       0.130291
       0.129701
       0.129107
       0.128506
       0.127894
       0.127269
       0.126630
       0.125973
       0.125297
       0.124598
       0.123877
       0.123131
       0.122358
       0.121558
       0.120729
       0.119870
       0.118982
       0.118063
       0.117115
       0.116138
       0.115131
       0.114096
       0.113034
       0.111945
       0.110831
       0.109695
       0.108537
       0.107359
       0.106163
       0.104952
       0.103727
       0.102490
       0.101243
       0.099989
       0.098729
       0.097466
       0.096201
       0.094936
       0.093673
       0.092414
       0.091161
       0.089913
       0.088674
       0.087445
       0.086226
       0.085019
       0.083825
       0.082643
       0.081477
       0.080326
       0.079190
       0.078070
       0.076967
       0.075881
       0.074812
       0.073761
       0.072727
       0.071711
       0.070713
       0.069732
       0.068770
       0.067825
       0.066898
       0.065988
       0.065096
       0.064221
       0.063363
       0.062521
       0.061696
       0.060888
       0.060095
       0.059319
       0.058557
       0.057811
       0.057080
       0.056363
       0.055661
       0.054973
       0.054299
       0.053638
       0.052990
       0.052355
       0.051733
       0.051123
       0.050525
       0.049939
       0.049364
       0.048800
       0.048248
       0.047706
       0.047174
       0.046653
       0.046142
       0.045640
       0.045148
       0.044665
       0.044191
       0.043726
       0.043270
       0.042822
       0.042382
       0.041950
       0.041526
       0.041110
       0.040701
       0.040299
       0.039904
       0.039516
       0.039135
       0.038761
       0.038393
       0.038031
       0.037676
       0.037326
       0.036982
       0.036644
       0.036312
