       0.245621
       0.257299
       0.270162
       0.284409
       0.300267
       0.318028
       0.338057
       0.360813
       0.386913
       0.417130
       0.452520
       0.494556
       0.545284
       0.607720
       0.686443
       0.788804
       0.927289
       1.125099
       1.430948
       1.966095
       3.144351
       7.864592
      15.623919
       3.914812
       2.235881
       1.564201
       1.202301
       0.976204
       0.821435
       0.708848
       0.623310
       0.556093
       0.501877
       0.457236
       0.419823
       0.388033
       0.360682
       0.336889
       0.316011
       0.297549
       0.281094
       0.266339
       0.253044
       0.240991
       0.230015
       0.219985
       0.210775
       0.202295
       0.194458
       0.187195
       0.180446
       0.174156
       0.168281
       0.162782
       0.157621
       0.152773
       0.148205
       0.143897
       0.139826
       0.135973
       0.132320
       0.128854
       0.125559
       0.122425
       0.119438
       0.116590
       0.113870
       0.111270
       0.108783
       0.106400
       0.104117
       0.101926
       0.099822
       0.097799
       0.095855
       0.093983
       0.092181
       0.090444
       0.088768
       0.087151
       0.085589
       0.084081
       0.082622
       0.081211
       0.079845
       0.078522
       0.077241
       0.075998
       0.074794
       0.073625
       0.072491
       0.071389
       0.070318
       0.069278
       0.068267
       0.067283
       0.066325
       0.065393
       0.064486
       0.063602
       0.062741
       0.061902
       0.061083
       0.060284
       0.059506
       0.058745
       0.058003
       0.057278
       0.056571
       0.055879
       0.055203
       0.054543
       0.053896
       0.053264
       0.052646
       0.052041
       0.051449
       0.050870
       0.050302
       0.049747
       0.049202
       0.048669
       0.048146
       0.047634
       0.047131
       0.046639
       0.046155
       0.045682
       0.045216
       0.044760
       0.044312
       0.043873
       0.043441
       0.043017
       0.042601
       0.042192
       0.041791
       0.041396
       0.041008
       0.040627
       0.040252
       0.039884
       0.039521
       0.039165
       0.038815
       0.038470
       0.038131
       0.037797
       0.037469
       0.037145
       0.036827
       0.036514
       0.036206
       0.035902
       0.035603
       0.035309
       0.035018
       0.034733
       0.034451
       0.034174
       0.033900
       0.033631
