       0.000356
       0.000342
       0.000327
       0.000313
       0.000299
       0.000284
       0.000269
       0.000254
       0.000238
       0.000222
       0.000206
       0.000190
       0.000173
       0.000156
       0.000139
       0.000121
       0.000103
       0.000084
       0.000065
       0.000045
       0.000025
       0.000004
       0.000017
       0.000039
       0.000061
       0.000085
       0.000109
       0.000134
       0.000160
       0.000187
       0.000215
       0.000245
       0.000276
       0.000308
       0.000342
       0.000377
       0.000415
       0.000455
       0.000498
       0.000543
       0.000592
       0.000645
       0.000703
       0.000766
       0.000837
       0.000916
       0.001008
       0.001116
       0.001251
       0.001431
       0.001702
       0.002230
       0.004359
       0.002692
       0.000185
       0.000815
       0.001172
       0.001457
       0.001727
       0.002008
       0.002322
       0.002687
       0.003131
       0.003690
       0.004429
       0.005461
       0.007015
       0.009644
       0.015090
       0.033267
       0.195672
       0.025382
       0.013711
       0.009449
       0.007236
       0.005878
       0.004958
       0.004292
       0.003786
       0.003389
       0.003067
       0.002801
       0.002576
       0.002384
       0.002217
       0.002071
       0.001941
       0.001825
       0.001720
       0.001624
       0.001537
       0.001456
       0.001382
       0.001312
       0.001248
       0.001187
       0.001129
       0.001074
       0.001022
       0.000973
       0.000925
       0.000879
       0.000835
       0.000793
       0.000751
       0.000711
       0.000671
       0.000633
       0.000595
       0.000558
       0.000521
       0.000484
       0.000448
       0.000412
       0.000377
       0.000341
       0.000305
       0.000269
       0.000233
       0.000197
       0.000160
       0.000123
       0.000085
       0.000047
       0.000008
       0.000032
       0.000072
       0.000114
       0.000157
       0.000201
       0.000247
       0.000294
       0.000343
       0.000394
       0.000447
       0.000502
       0.000560
       0.000621
       0.000685
       0.000752
       0.000824
       0.000900
       0.000981
       0.001068
       0.001161
       0.001261
       0.001369
       0.001487
       0.001616
       0.001757
       0.001914
       0.002088
       0.002282
       0.002502
       0.002752
       0.003039
       0.003374
       0.003768
       0.004241
       0.004819
       0.005541
       0.006471
