    111.3200
    100.3254
    100.4629
    100.6003
    100.7377
    100.8752
    101.0126
    101.1500
    101.2875
    101.4249
    101.5623
    101.6998
    101.8372
    101.9746
    102.1120
    102.2495
    102.3869
    102.5243
    102.6618
    102.7992
    102.9366
    103.0741
    103.2115
    103.3489
    103.4864
    103.6238
    103.7612
    103.8987
    104.0361
    104.1735
    104.3110
    104.4484
    104.5858
    104.7233
    104.8607
    104.9981
    105.1356
    105.2730
    105.4104
    105.5479
    105.6853
    105.8227
    105.9601
    106.0976
    106.2350
    106.3724
    106.5099
    106.6473
    106.7847
    106.9222
    107.0596
    107.1970
    107.3345
    107.4719
    107.6093
    107.7468
    107.8842
    108.0216
    108.1591
    108.2965
    108.4339
    108.5714
    108.7088
    108.8462
    108.9837
    109.1211
    109.2585
    109.3960
    109.5334
    109.6708
    109.8082
    109.9457
    110.0831
    110.2205
    110.3580
    110.4954
    110.6328
    110.7703
    110.9077
    111.0451
    111.1826
    111.3200
    111.4574
    111.5949
    111.7323
    111.8697
    112.0072
    112.1446
    112.2820
    112.4195
    112.5569
    112.6943
    112.8318
    112.9692
    113.1066
    113.2440
    113.3815
    113.5189
    113.6563
    113.7938
    113.9312
    114.0686
    114.2061
    114.3435
    114.4809
    114.6184
    114.7558
    114.8932
    115.0307
    115.1681
    115.3055
    115.4430
    115.5804
    115.7178
    115.8553
    115.9927
    116.1301
    116.2676
    116.4050
    116.5424
    116.6799
    116.8173
    116.9547
    117.0921
    117.2296
    117.3670
    117.5044
    117.6419
    117.7793
    117.9167
    118.0542
    118.1916
    118.3290
    118.4665
    118.6039
    118.7413
    118.8788
    119.0162
    119.1536
    119.2911
    119.4285
    119.5659
    119.7034
    119.8408
    119.9782
    120.1157
    120.2531
    120.3905
    120.5280
    120.6654
    120.8028
    120.9402
    121.0777
    121.2151
    121.3525
    121.4900
    121.6274
    121.7648
    121.9023
    122.0397
    122.1771
    122.3146
    122.4520
