       0.113188
       0.114723
       0.116272
       0.117836
       0.119412
       0.120998
       0.122592
       0.124191
       0.125793
       0.127394
       0.128992
       0.130583
       0.132164
       0.133731
       0.135280
       0.136805
       0.138305
       0.139772
       0.141206
       0.142599
       0.143946
       0.145246
       0.146492
       0.147680
       0.148807
       0.149868
       0.150860
       0.151781
       0.152627
       0.153397
       0.154088
       0.154700
       0.155232
       0.155683
       0.156055
       0.156348
       0.156563
       0.156703
       0.156770
       0.156767
       0.156696
       0.156563
       0.156370
       0.156122
       0.155822
       0.155476
       0.155087
       0.154660
       0.154200
       0.153710
       0.153196
       0.152661
       0.152110
       0.151546
       0.150972
       0.150394
       0.149813
       0.149234
       0.148658
       0.148088
       0.147528
       0.146978
       0.146441
       0.145920
       0.145414
       0.144926
       0.144457
       0.144008
       0.143579
       0.143172
       0.142786
       0.142422
       0.142080
       0.141759
       0.141461
       0.141183
       0.140926
       0.140689
       0.140471
       0.140272
       0.140089
       0.139922
       0.139769
       0.139630
       0.139501
       0.139382
       0.139270
       0.139163
       0.139060
       0.138958
       0.138855
       0.138748
       0.138635
       0.138513
       0.138380
       0.138232
       0.138068
       0.137885
       0.137679
       0.137449
       0.137191
       0.136904
       0.136584
       0.136230
       0.135839
       0.135410
       0.134941
       0.134429
       0.133875
       0.133277
       0.132635
       0.131947
       0.131213
       0.130434
       0.129611
       0.128743
       0.127831
       0.126877
       0.125883
       0.124848
       0.123778
       0.122671
       0.121531
       0.120361
       0.119162
       0.117937
       0.116689
       0.115420
       0.114132
       0.112829
       0.111513
       0.110186
       0.108851
       0.107510
       0.106165
       0.104819
       0.103473
       0.102130
       0.100791
       0.099457
       0.098132
       0.096815
       0.095508
       0.094213
       0.092930
       0.091661
       0.090406
       0.089166
       0.087942
       0.086734
       0.085543
       0.084369
       0.083213
       0.082074
       0.080953
       0.079851
       0.078768
       0.077702
       0.076655
       0.075626
       0.074615
       0.073623
