       0.000433
       0.000434
       0.000437
       0.000440
       0.000444
       0.000449
       0.000454
       0.000461
       0.000467
       0.000475
       0.000483
       0.000491
       0.000500
       0.000509
       0.000518
       0.000528
       0.000538
       0.000548
       0.000558
       0.000567
       0.000577
       0.000587
       0.000596
       0.000606
       0.000615
       0.000623
       0.000632
       0.000640
       0.000647
       0.000654
       0.000661
       0.000667
       0.000672
       0.000677
       0.000681
       0.000685
       0.000688
       0.000690
       0.000692
       0.000693
       0.000693
       0.000692
       0.000691
       0.000688
       0.000685
       0.000681
       0.000676
       0.000672
       0.000671
       0.000683
       0.000745
       0.001019
       0.002884
       0.004402
       0.001724
       0.001276
       0.001102
       0.001011
       0.000956
       0.000918
       0.000891
       0.000871
       0.000855
       0.000841
       0.000830
       0.000820
       0.000811
       0.000804
       0.000796
       0.000790
       0.000784
       0.000778
       0.000773
       0.000767
       0.000762
       0.000758
       0.000753
       0.000748
       0.000744
       0.000739
       0.000735
       0.000731
       0.000726
       0.000722
       0.000717
       0.000713
       0.000708
       0.000704
       0.000699
       0.000694
       0.000689
       0.000683
       0.000678
       0.000672
       0.000666
       0.000659
       0.000652
       0.000645
       0.000638
       0.000630
       0.000621
       0.000612
       0.000603
       0.000593
       0.000582
       0.000572
       0.000560
       0.000548
       0.000535
       0.000522
       0.000508
       0.000494
       0.000479
       0.000463
       0.000448
       0.000432
       0.000415
       0.000399
       0.000383
       0.000367
       0.000352
       0.000337
       0.000325
       0.000314
       0.000306
       0.000302
       0.000301
       0.000305
       0.000315
       0.000329
       0.000349
       0.000375
       0.000405
       0.000440
       0.000480
       0.000524
       0.000573
       0.000627
       0.000684
       0.000747
       0.000815
       0.000887
       0.000966
       0.001051
       0.001143
       0.001243
       0.001351
       0.001470
       0.001599
       0.001742
       0.001900
       0.002076
       0.002273
       0.002495
       0.002748
       0.003039
       0.003378
       0.003777
       0.004255
       0.004838
       0.005567
       0.006503
