       0.086382
       0.087532
       0.088715
       0.089933
       0.091187
       0.092478
       0.093809
       0.095180
       0.096596
       0.098057
       0.099564
       0.101122
       0.102733
       0.104398
       0.106122
       0.107906
       0.109754
       0.111670
       0.113658
       0.115722
       0.117865
       0.120094
       0.122412
       0.124826
       0.127341
       0.129965
       0.132703
       0.135565
       0.138558
       0.141691
       0.144975
       0.148421
       0.152042
       0.155849
       0.159860
       0.164090
       0.168557
       0.173283
       0.178291
       0.183605
       0.189256
       0.195278
       0.201705
       0.208581
       0.215957
       0.223888
       0.232438
       0.241684
       0.251712
       0.262628
       0.274557
       0.287641
       0.302062
       0.318034
       0.335815
       0.355749
       0.378228
       0.403789
       0.433116
       0.467087
       0.506929
       0.554267
       0.611485
       0.681995
       0.771050
       0.887099
       1.044552
       1.270440
       1.621653
       2.242852
       3.639461
       9.673178
      14.659019
       4.163636
       2.424908
       1.709540
       1.319700
       1.074347
       0.905668
       0.782576
       0.688794
       0.614985
       0.555369
       0.506236
       0.465000
       0.429936
       0.399735
       0.373462
       0.350394
       0.329977
       0.311785
       0.295459
       0.280739
       0.267394
       0.255248
       0.244129
       0.233929
       0.224529
       0.215844
       0.207792
       0.200307
       0.193332
       0.186814
       0.180714
       0.174990
       0.169608
       0.164540
       0.159758
       0.155239
       0.150962
       0.146907
       0.143059
       0.139401
       0.135919
       0.132603
       0.129440
       0.126418
       0.123530
       0.120767
       0.118119
       0.115583
       0.113149
       0.110810
       0.108563
       0.106402
       0.104322
       0.102319
       0.100389
       0.098526
       0.096728
       0.094993
       0.093316
       0.091693
       0.090125
       0.088606
       0.087135
       0.085711
       0.084330
       0.082990
       0.081690
       0.080429
       0.079203
       0.078013
       0.076856
       0.075731
       0.074637
       0.073572
       0.072536
       0.071526
       0.070543
       0.069585
       0.068651
       0.067740
       0.066852
       0.065986
       0.065140
       0.064314
       0.063508
       0.062720
       0.061951
       0.061199
       0.060463
