     78.3500
     70.6117
     70.7085
     70.8052
     70.9019
     70.9986
     71.0954
     71.1921
     71.2888
     71.3856
     71.4823
     71.5790
     71.6757
     71.7725
     71.8692
     71.9659
     72.0627
     72.1594
     72.2561
     72.3528
     72.4496
     72.5463
     72.6430
     72.7398
     72.8365
     72.9332
     73.0299
     73.1267
     73.2234
     73.3201
     73.4169
     73.5136
     73.6103
     73.7070
     73.8038
     73.9005
     73.9972
     74.0940
     74.1907
     74.2874
     74.3841
     74.4809
     74.5776
     74.6743
     74.7710
     74.8678
     74.9645
     75.0612
     75.1580
     75.2547
     75.3514
     75.4481
     75.5449
     75.6416
     75.7383
     75.8351
     75.9318
     76.0285
     76.1252
     76.2220
     76.3187
     76.4154
     76.5122
     76.6089
     76.7056
     76.8023
     76.8991
     76.9958
     77.0925
     77.1893
     77.2860
     77.3827
     77.4794
     77.5762
     77.6729
     77.7696
     77.8664
     77.9631
     78.0598
     78.1565
     78.2533
     78.3500
     78.4467
     78.5435
     78.6402
     78.7369
     78.8336
     78.9304
     79.0271
     79.1238
     79.2206
     79.3173
     79.4140
     79.5107
     79.6075
     79.7042
     79.8009
     79.8977
     79.9944
     80.0911
     80.1878
     80.2846
     80.3813
     80.4780
     80.5748
     80.6715
     80.7682
     80.8649
     80.9617
     81.0584
     81.1551
     81.2519
     81.3486
     81.4453
     81.5420
     81.6388
     81.7355
     81.8322
     81.9290
     82.0257
     82.1224
     82.2191
     82.3159
     82.4126
     82.5093
     82.6060
     82.7028
     82.7995
     82.8962
     82.9930
     83.0897
     83.1864
     83.2831
     83.3799
     83.4766
     83.5733
     83.6701
     83.7668
     83.8635
     83.9602
     84.0570
     84.1537
     84.2504
     84.3472
     84.4439
     84.5406
     84.6373
     84.7341
     84.8308
     84.9275
     85.0243
     85.1210
     85.2177
     85.3144
     85.4112
     85.5079
     85.6046
     85.7014
     85.7981
     85.8948
     85.9915
     86.0883
     86.1850
