       0.007944
       0.008067
       0.008193
       0.008323
       0.008455
       0.008592
       0.008732
       0.008877
       0.009026
       0.009179
       0.009337
       0.009499
       0.009667
       0.009841
       0.010020
       0.010205
       0.010396
       0.010594
       0.010799
       0.011012
       0.011232
       0.011461
       0.011699
       0.011946
       0.012203
       0.012471
       0.012750
       0.013041
       0.013346
       0.013664
       0.013997
       0.014346
       0.014712
       0.015097
       0.015501
       0.015928
       0.016377
       0.016852
       0.017355
       0.017888
       0.018454
       0.019057
       0.019699
       0.020386
       0.021121
       0.021911
       0.022762
       0.023680
       0.024675
       0.025757
       0.026937
       0.028230
       0.029652
       0.031226
       0.032974
       0.034930
       0.037133
       0.039631
       0.042490
       0.045793
       0.049654
       0.054226
       0.059727
       0.066471
       0.074936
       0.085875
       0.100561
       0.121319
       0.152895
       0.206735
       0.319210
       0.700667
       3.577168
       0.503102
       0.270475
       0.184903
       0.140432
       0.113183
       0.094774
       0.081503
       0.071483
       0.063648
       0.057354
       0.052187
       0.047869
       0.044206
       0.041059
       0.038327
       0.035933
       0.033816
       0.031933
       0.030245
       0.028725
       0.027347
       0.026094
       0.024948
       0.023897
       0.022929
       0.022035
       0.021206
       0.020436
       0.019718
       0.019047
       0.018420
       0.017831
       0.017277
       0.016755
       0.016263
       0.015798
       0.015358
       0.014940
       0.014544
       0.014167
       0.013808
       0.013466
       0.013139
       0.012828
       0.012530
       0.012244
       0.011971
       0.011708
       0.011456
       0.011214
       0.010982
       0.010758
       0.010542
       0.010334
       0.010134
       0.009940
       0.009753
       0.009573
       0.009398
       0.009229
       0.009065
       0.008907
       0.008753
       0.008604
       0.008460
       0.008319
       0.008183
       0.008051
       0.007922
       0.007797
       0.007675
       0.007557
       0.007441
       0.007329
       0.007219
       0.007112
       0.007008
       0.006907
       0.006808
       0.006711
       0.006616
       0.006524
       0.006434
       0.006346
       0.006259
       0.006175
       0.006093
       0.006012
       0.005933
