     36.7700
     33.1384
     33.1838
     33.2292
     33.2746
     33.3200
     33.3654
     33.4108
     33.4562
     33.5016
     33.5470
     33.5923
     33.6377
     33.6831
     33.7285
     33.7739
     33.8193
     33.8647
     33.9101
     33.9555
     34.0009
     34.0463
     34.0917
     34.1371
     34.1825
     34.2279
     34.2733
     34.3187
     34.3641
     34.4095
     34.4549
     34.5002
     34.5456
     34.5910
     34.6364
     34.6818
     34.7272
     34.7726
     34.8180
     34.8634
     34.9088
     34.9542
     34.9996
     35.0450
     35.0904
     35.1358
     35.1812
     35.2266
     35.2720
     35.3174
     35.3628
     35.4081
     35.4535
     35.4989
     35.5443
     35.5897
     35.6351
     35.6805
     35.7259
     35.7713
     35.8167
     35.8621
     35.9075
     35.9529
     35.9983
     36.0437
     36.0891
     36.1345
     36.1799
     36.2253
     36.2707
     36.3160
     36.3614
     36.4068
     36.4522
     36.4976
     36.5430
     36.5884
     36.6338
     36.6792
     36.7246
     36.7700
     36.8154
     36.8608
     36.9062
     36.9516
     36.9970
     37.0424
     37.0878
     37.1332
     37.1786
     37.2240
     37.2693
     37.3147
     37.3601
     37.4055
     37.4509
     37.4963
     37.5417
     37.5871
     37.6325
     37.6779
     37.7233
     37.7687
     37.8141
     37.8595
     37.9049
     37.9503
     37.9957
     38.0411
     38.0865
     38.1319
     38.1772
     38.2226
     38.2680
     38.3134
     38.3588
     38.4042
     38.4496
     38.4950
     38.5404
     38.5858
     38.6312
     38.6766
     38.7220
     38.7674
     38.8128
     38.8582
     38.9036
     38.9490
     38.9944
     39.0398
     39.0851
     39.1305
     39.1759
     39.2213
     39.2667
     39.3121
     39.3575
     39.4029
     39.4483
     39.4937
     39.5391
     39.5845
     39.6299
     39.6753
     39.7207
     39.7661
     39.8115
     39.8569
     39.9023
     39.9477
     39.9930
     40.0384
     40.0838
     40.1292
     40.1746
     40.2200
     40.2654
     40.3108
     40.3562
     40.4016
     40.4470
