    232.7100
    209.7263
    210.0136
    210.3009
    210.5882
    210.8755
    211.1628
    211.4501
    211.7374
    212.0247
    212.3120
    212.5993
    212.8866
    213.1739
    213.4611
    213.7484
    214.0357
    214.3230
    214.6103
    214.8976
    215.1849
    215.4722
    215.7595
    216.0468
    216.3341
    216.6214
    216.9087
    217.1960
    217.4833
    217.7706
    218.0579
    218.3452
    218.6325
    218.9198
    219.2071
    219.4944
    219.7817
    220.0690
    220.3563
    220.6436
    220.9309
    221.2181
    221.5054
    221.7927
    222.0800
    222.3673
    222.6546
    222.9419
    223.2292
    223.5165
    223.8038
    224.0911
    224.3784
    224.6657
    224.9530
    225.2403
    225.5276
    225.8149
    226.1022
    226.3895
    226.6768
    226.9641
    227.2514
    227.5387
    227.8260
    228.1133
    228.4006
    228.6879
    228.9751
    229.2624
    229.5497
    229.8370
    230.1243
    230.4116
    230.6989
    230.9862
    231.2735
    231.5608
    231.8481
    232.1354
    232.4227
    232.7100
    232.9973
    233.2846
    233.5719
    233.8592
    234.1465
    234.4338
    234.7211
    235.0084
    235.2957
    235.5830
    235.8703
    236.1576
    236.4449
    236.7321
    237.0194
    237.3067
    237.5940
    237.8813
    238.1686
    238.4559
    238.7432
    239.0305
    239.3178
    239.6051
    239.8924
    240.1797
    240.4670
    240.7543
    241.0416
    241.3289
    241.6162
    241.9035
    242.1908
    242.4781
    242.7654
    243.0527
    243.3400
    243.6273
    243.9146
    244.2019
    244.4891
    244.7764
    245.0637
    245.3510
    245.6383
    245.9256
    246.2129
    246.5002
    246.7875
    247.0748
    247.3621
    247.6494
    247.9367
    248.2240
    248.5113
    248.7986
    249.0859
    249.3732
    249.6605
    249.9478
    250.2351
    250.5224
    250.8097
    251.0970
    251.3843
    251.6716
    251.9589
    252.2461
    252.5334
    252.8207
    253.1080
    253.3953
    253.6826
    253.9699
    254.2572
    254.5445
    254.8318
    255.1191
    255.4064
    255.6937
    255.9810
