       0.020467
       0.020792
       0.021119
       0.021449
       0.021780
       0.022113
       0.022447
       0.022781
       0.023115
       0.023448
       0.023779
       0.024109
       0.024435
       0.024758
       0.025077
       0.025390
       0.025697
       0.025998
       0.026290
       0.026575
       0.026849
       0.027114
       0.027368
       0.027610
       0.027839
       0.028056
       0.028259
       0.028449
       0.028624
       0.028784
       0.028930
       0.029060
       0.029176
       0.029276
       0.029362
       0.029434
       0.029491
       0.029535
       0.029565
       0.029582
       0.029588
       0.029582
       0.029565
       0.029539
       0.029503
       0.029458
       0.029406
       0.029348
       0.029282
       0.029212
       0.029137
       0.029058
       0.028976
       0.028891
       0.028804
       0.028716
       0.028627
       0.028538
       0.028450
       0.028362
       0.028275
       0.028189
       0.028106
       0.028024
       0.027945
       0.027869
       0.027796
       0.027726
       0.027659
       0.027595
       0.027535
       0.027478
       0.027425
       0.027376
       0.027330
       0.027287
       0.027248
       0.027212
       0.027180
       0.027151
       0.027124
       0.027100
       0.027079
       0.027060
       0.027043
       0.027028
       0.027014
       0.027001
       0.026990
       0.026978
       0.026967
       0.026956
       0.026943
       0.026930
       0.026915
       0.026899
       0.026879
       0.026858
       0.026832
       0.026803
       0.026770
       0.026733
       0.026690
       0.026642
       0.026589
       0.026529
       0.026463
       0.026390
       0.026310
       0.026222
       0.026127
       0.026025
       0.025915
       0.025797
       0.025671
       0.025538
       0.025396
       0.025247
       0.025090
       0.024926
       0.024755
       0.024577
       0.024392
       0.024201
       0.024004
       0.023801
       0.023593
       0.023380
       0.023163
       0.022941
       0.022716
       0.022488
       0.022257
       0.022023
       0.021788
       0.021551
       0.021313
       0.021073
       0.020834
       0.020594
       0.020354
       0.020115
       0.019876
       0.019638
       0.019402
       0.019167
       0.018933
       0.018702
       0.018472
       0.018244
       0.018019
       0.017797
       0.017576
       0.017359
       0.017144
       0.016932
       0.016722
       0.016516
       0.016313
       0.016112
       0.015915
       0.015720
