       0.014716
       0.014895
       0.015076
       0.015258
       0.015440
       0.015623
       0.015807
       0.015991
       0.016174
       0.016358
       0.016540
       0.016720
       0.016899
       0.017076
       0.017250
       0.017421
       0.017589
       0.017752
       0.017911
       0.018065
       0.018213
       0.018355
       0.018491
       0.018621
       0.018743
       0.018857
       0.018964
       0.019063
       0.019154
       0.019236
       0.019310
       0.019375
       0.019432
       0.019480
       0.019521
       0.019553
       0.019578
       0.019595
       0.019605
       0.019609
       0.019607
       0.019598
       0.019585
       0.019566
       0.019544
       0.019518
       0.019488
       0.019456
       0.019422
       0.019385
       0.019348
       0.019310
       0.019272
       0.019233
       0.019195
       0.019158
       0.019122
       0.019088
       0.019055
       0.019025
       0.018996
       0.018970
       0.018947
       0.018926
       0.018909
       0.018894
       0.018882
       0.018874
       0.018868
       0.018866
       0.018867
       0.018870
       0.018877
       0.018887
       0.018899
       0.018914
       0.018932
       0.018952
       0.018973
       0.018997
       0.019022
       0.019049
       0.019076
       0.019104
       0.019133
       0.019161
       0.019189
       0.019216
       0.019242
       0.019265
       0.019287
       0.019305
       0.019321
       0.019332
       0.019339
       0.019342
       0.019339
       0.019329
       0.019314
       0.019291
       0.019261
       0.019223
       0.019177
       0.019122
       0.019058
       0.018984
       0.018901
       0.018808
       0.018705
       0.018593
       0.018470
       0.018337
       0.018195
       0.018043
       0.017882
       0.017712
       0.017534
       0.017347
       0.017153
       0.016952
       0.016743
       0.016529
       0.016310
       0.016085
       0.015856
       0.015623
       0.015387
       0.015149
       0.014908
       0.014666
       0.014422
       0.014178
       0.013934
       0.013690
       0.013447
       0.013205
       0.012965
       0.012726
       0.012488
       0.012254
       0.012021
       0.011791
       0.011564
       0.011340
       0.011119
       0.010901
       0.010686
       0.010475
       0.010267
       0.010062
       0.009861
       0.009664
       0.009469
       0.009279
       0.009091
       0.008907
       0.008727
       0.008550
       0.008376
       0.008205
       0.008038
       0.007874
