       0.018994
       0.019287
       0.019588
       0.019898
       0.020217
       0.020545
       0.020882
       0.021230
       0.021588
       0.021958
       0.022340
       0.022733
       0.023140
       0.023561
       0.023995
       0.024445
       0.024911
       0.025394
       0.025895
       0.026414
       0.026954
       0.027514
       0.028098
       0.028705
       0.029337
       0.029997
       0.030685
       0.031405
       0.032157
       0.032945
       0.033771
       0.034638
       0.035549
       0.036507
       0.037517
       0.038582
       0.039708
       0.040900
       0.042164
       0.043506
       0.044935
       0.046458
       0.048087
       0.049831
       0.051704
       0.053721
       0.055899
       0.058259
       0.060824
       0.063622
       0.066686
       0.070058
       0.073785
       0.077928
       0.082559
       0.087771
       0.093681
       0.100439
       0.108242
       0.117352
       0.128131
       0.141082
       0.156936
       0.176792
       0.202385
       0.236630
       0.284793
       0.357543
       0.480161
       0.730636
       1.526986
      17.016732
       1.295010
       0.673158
       0.454801
       0.343422
       0.275869
       0.230525
       0.197984
       0.173496
       0.154396
       0.139085
       0.126535
       0.116062
       0.107189
       0.099576
       0.092971
       0.087186
       0.082078
       0.077535
       0.073466
       0.069803
       0.066486
       0.063469
       0.060713
       0.058186
       0.055859
       0.053711
       0.051720
       0.049871
       0.048149
       0.046541
       0.045036
       0.043624
       0.042297
       0.041048
       0.039870
       0.038757
       0.037703
       0.036705
       0.035757
       0.034857
       0.033999
       0.033183
       0.032404
       0.031660
       0.030949
       0.030269
       0.029617
       0.028992
       0.028392
       0.027816
       0.027263
       0.026730
       0.026218
       0.025724
       0.025248
       0.024788
       0.024345
       0.023917
       0.023503
       0.023102
       0.022715
       0.022340
       0.021977
       0.021624
       0.021283
       0.020952
       0.020630
       0.020318
       0.020015
       0.019720
       0.019433
       0.019154
       0.018883
       0.018619
       0.018362
       0.018111
       0.017867
       0.017629
       0.017397
       0.017170
       0.016949
       0.016733
       0.016523
       0.016317
       0.016116
       0.015920
       0.015728
       0.015540
       0.015356
       0.015177
