0.102236   
0.103611  
0.105028    
0.106487    
0.107993    
0.109546   
0.111148  
0.112803  
0.114512  
0.116278
0.118105   
0.119994  
0.121950  
0.123975 
0.126075
0.128250
0.130507 
0.132850
0.135282
0.137810        
0.140439       
0.143173    
0.146019     
0.148985       
0.152075       
0.155298       
0.158662     
0.162174       
0.165842        
0.169679      
0.173690        
0.177889        
0.182284          
0.186889          
0.191714    
0.196772    
0.202074        
0.207634    
0.213465    
0.219578       
0.225985      
0.232696      
0.239722       
0.247069      
0.254740    
0.262735      
0.271049       
0.279668     
0.288573
0.297733   
0.307106    
0.316637    
0.326255      
0.335876    
0.345395      
0.354701      
0.363663   
0.372149     
0.380016   
0.387138     
0.393400    
0.398702   
0.402983  
0.406212    
0.408394  
0.409576     
0.409830    
0.409260      
0.407987        
0.406142        
0.403862      
0.401275       
0.398509       
0.395673       
0.392866       
0.390171    
0.387656     
0.385375      
0.383367     
0.381658      
0.380262      
0.379181       
0.378408       
0.377923       
0.377697       
0.377692       
0.377861    
0.378146       
0.378481      
0.378794       
0.379002         
0.379023       
0.378771        
0.378157       
0.377096         
0.375518        
0.373353      
0.370555    
0.367089    
0.362948     
0.358139  
0.352687 
0.346640    
0.340062     
0.333020  
0.325600     
0.317876   
0.309937     
0.301858      
0.293714     
0.285569        
0.277478   
0.269492      
0.261650 
0.253982    
0.246517   
0.239272         
0.232257       
0.225484       
0.218954          
0.212670       
0.206628       
0.200826    
0.195259        
0.189918       
0.184799        
0.179892         
0.175189  
0.170681       
0.166360        
0.162217         
0.158245         
0.154436       
0.150780          
0.147272          
0.143903        
0.140667        
0.137557    
0.134567    
0.131691    
0.128923     
0.126258     
0.123690    
0.121217     
0.118831      
0.116530         
0.114309        
0.112163         
0.110091     
0.108089           
0.106152      
0.104278     
0.102465    
0.100709    
0.990079E-001    
0.973595E-001   
0.957611E-001    
0.942108E-001   
0.927064E-001    
0.912462E-001  
0.898281E-001    
0.884505E-001