       0.095619
       0.096738
       0.097886
       0.099063
       0.100273
       0.101514
       0.102790
       0.104101
       0.105448
       0.106834
       0.108260
       0.109727
       0.111238
       0.112795
       0.114399
       0.116053
       0.117759
       0.119520
       0.121339
       0.123217
       0.125159
       0.127167
       0.129245
       0.131397
       0.133627
       0.135938
       0.138336
       0.140826
       0.143411
       0.146100
       0.148897
       0.151810
       0.154846
       0.158012
       0.161318
       0.164772
       0.168385
       0.172168
       0.176135
       0.180297
       0.184670
       0.189269
       0.194115
       0.199227
       0.204625
       0.210338
       0.216392
       0.222818
       0.229653
       0.236936
       0.244713
       0.253036
       0.261964
       0.271568
       0.281923
       0.293125
       0.305281
       0.318519
       0.332985
       0.348864
       0.366374
       0.385776
       0.407395
       0.431638
       0.459007
       0.490157
       0.525918
       0.567403
       0.616105
       0.674083
       0.744281
       0.830984
       0.940841
       1.084500
       1.280408
       1.563449
       2.008360
       2.809582
       4.680561
      14.071776
      13.922666
       4.650948
       2.789363
       1.990836
       1.547047
       1.264538
       1.068949
       0.925469
       0.815762
       0.729147
       0.659008
       0.601075
       0.552417
       0.510967
       0.475225
       0.444102
       0.416748
       0.392520
       0.370909
       0.351516
       0.334017
       0.318144
       0.303680
       0.290451
       0.278298
       0.267102
       0.256747
       0.247148
       0.238223
       0.229903
       0.222128
       0.214847
       0.208014
       0.201590
       0.195537
       0.189825
       0.184428
       0.179317
       0.174473
       0.169873
       0.165502
       0.161340
       0.157374
       0.153592
       0.149978
       0.146525
       0.143220
       0.140054
       0.137019
       0.134106
       0.131308
       0.128620
       0.126034
       0.123545
       0.121147
       0.118835
       0.116605
       0.114454
       0.112376
       0.110367
       0.108425
       0.106547
       0.104728
       0.102967
       0.101261
       0.099606
       0.098002
       0.096445
       0.094934
       0.093466
       0.092040
       0.090654
       0.089306
       0.087994
       0.086718
       0.085477
       0.084267
       0.083089
       0.081940
       0.080821
       0.079730
       0.078665
