     38.6000
     34.7877
     34.8353
     34.8830
     34.9306
     34.9783
     35.0259
     35.0736
     35.1212
     35.1689
     35.2165
     35.2642
     35.3119
     35.3595
     35.4072
     35.4548
     35.5025
     35.5501
     35.5978
     35.6454
     35.6931
     35.7407
     35.7884
     35.8360
     35.8837
     35.9314
     35.9790
     36.0267
     36.0743
     36.1220
     36.1696
     36.2173
     36.2649
     36.3126
     36.3602
     36.4079
     36.4556
     36.5032
     36.5509
     36.5985
     36.6462
     36.6938
     36.7415
     36.7891
     36.8368
     36.8844
     36.9321
     36.9798
     37.0274
     37.0751
     37.1227
     37.1704
     37.2180
     37.2657
     37.3133
     37.3610
     37.4086
     37.4563
     37.5040
     37.5516
     37.5993
     37.6469
     37.6946
     37.7422
     37.7899
     37.8375
     37.8852
     37.9328
     37.9805
     38.0281
     38.0758
     38.1235
     38.1711
     38.2188
     38.2664
     38.3141
     38.3617
     38.4094
     38.4570
     38.5047
     38.5523
     38.6000
     38.6477
     38.6953
     38.7430
     38.7906
     38.8383
     38.8859
     38.9336
     38.9812
     39.0289
     39.0765
     39.1242
     39.1719
     39.2195
     39.2672
     39.3148
     39.3625
     39.4101
     39.4578
     39.5054
     39.5531
     39.6007
     39.6484
     39.6960
     39.7437
     39.7914
     39.8390
     39.8867
     39.9343
     39.9820
     40.0296
     40.0773
     40.1249
     40.1726
     40.2202
     40.2679
     40.3156
     40.3632
     40.4109
     40.4585
     40.5062
     40.5538
     40.6015
     40.6491
     40.6968
     40.7444
     40.7921
     40.8398
     40.8874
     40.9351
     40.9827
     41.0304
     41.0780
     41.1257
     41.1733
     41.2210
     41.2686
     41.3163
     41.3640
     41.4116
     41.4593
     41.5069
     41.5546
     41.6022
     41.6499
     41.6975
     41.7452
     41.7928
     41.8405
     41.8881
     41.9358
     41.9835
     42.0311
     42.0788
     42.1264
     42.1741
     42.2217
     42.2694
     42.3170
     42.3647
     42.4123
     42.4600
