       0.095432
       0.096546
       0.097688
       0.098861
       0.100064
       0.101300
       0.102569
       0.103873
       0.105214
       0.106593
       0.108011
       0.109471
       0.110974
       0.112522
       0.114117
       0.115762
       0.117459
       0.119209
       0.121017
       0.122884
       0.124814
       0.126810
       0.128875
       0.131012
       0.133227
       0.135523
       0.137904
       0.140376
       0.142944
       0.145613
       0.148389
       0.151280
       0.154292
       0.157434
       0.160714
       0.164139
       0.167721
       0.171472
       0.175404
       0.179526
       0.183858
       0.188416
       0.193212
       0.198272
       0.203616
       0.209266
       0.215254
       0.221607
       0.228363
       0.235557
       0.243238
       0.251450
       0.260260
       0.269729
       0.279936
       0.290967
       0.302932
       0.315952
       0.330169
       0.345764
       0.362945
       0.381963
       0.403131
       0.426835
       0.453562
       0.483916
       0.518717
       0.558999
       0.606172
       0.662180
       0.729707
       0.812810
       0.917515
       1.053510
       1.237332
       1.499410
       1.903517
       2.607712
       4.144018
      10.119117
      22.736564
       5.346719
       3.026463
       2.109284
       1.617864
       1.311685
       1.102545
       0.950665
       0.835347
       0.744809
       0.671850
       0.611788
       0.561474
       0.518736
       0.481970
       0.450006
       0.421960
       0.397157
       0.375068
       0.355263
       0.337410
       0.321235
       0.306506
       0.293044
       0.280688
       0.269310
       0.258797
       0.249054
       0.240000
       0.231566
       0.223683
       0.216309
       0.209390
       0.202884
       0.196761
       0.190983
       0.185526
       0.180358
       0.175462
       0.170816
       0.166398
       0.162196
       0.158192
       0.154374
       0.150727
       0.147242
       0.143907
       0.140714
       0.137652
       0.134716
       0.131895
       0.129186
       0.126579
       0.124070
       0.121654
       0.119325
       0.117080
       0.114912
       0.112819
       0.110797
       0.108842
       0.106951
       0.105120
       0.103347
       0.101629
       0.099965
       0.098350
       0.096784
       0.095263
       0.093786
       0.092351
       0.090957
       0.089602
       0.088283
       0.087000
       0.085751
       0.084535
       0.083350
       0.082196
       0.081070
       0.079973
       0.078903
