       0.102087
       0.103458
       0.104871
       0.106326
       0.107827
       0.109375
       0.110973
       0.112622
       0.114326
       0.116086
       0.117907
       0.119790
       0.121739
       0.123758
       0.125849
       0.128017
       0.130266
       0.132600
       0.135024
       0.137542
       0.140161
       0.142885
       0.145721
       0.148674
       0.151752
       0.154963
       0.158312
       0.161809
       0.165463
       0.169283
       0.173277
       0.177457
       0.181833
       0.186417
       0.191222
       0.196255
       0.201532
       0.207066
       0.212871
       0.218952
       0.225328
       0.232009
       0.238997
       0.246307
       0.253941
       0.261893
       0.270166
       0.278739
       0.287601
       0.296710
       0.306035
       0.315509
       0.325075
       0.334639
       0.344101
       0.353345
       0.362244
       0.370662
       0.378459
       0.385507
       0.391690
       0.396908
       0.401096
       0.404225
       0.406302
       0.407365
       0.407499
       0.406801
       0.405394
       0.403413
       0.400987
       0.398258
       0.395346
       0.392364
       0.389412
       0.386572
       0.383916
       0.381496
       0.379354
       0.377517
       0.376001
       0.374811
       0.373939
       0.373370
       0.373079
       0.373030
       0.373178
       0.373471
       0.373848
       0.374238
       0.374567
       0.374750
       0.374701
       0.374339
       0.373575
       0.372332
       0.370539
       0.368144
       0.365105
       0.361399
       0.357027
       0.352007
       0.346371
       0.340178
       0.333490
       0.326384
       0.318939
       0.311235
       0.303354
       0.295371
       0.287343
       0.279348
       0.271424
       0.263618
       0.255972
       0.248507
       0.241249
       0.234207
       0.227400
       0.220830
       0.214497
       0.208405
       0.202549
       0.196928
       0.191532
       0.186356
       0.181393
       0.176636
       0.172074
       0.167702
       0.163509
       0.159489
       0.155632
       0.151931
       0.148379
       0.144969
       0.141693
       0.138545
       0.135518
       0.132607
       0.129807
       0.127110
       0.124512
       0.122009
       0.119596
       0.117268
       0.115021
       0.112853
       0.110758
       0.108733
       0.106775
       0.104881
       0.103049
       0.101274
       0.099556
       0.097891
       0.096277
       0.094711
       0.093192
       0.091717
       0.090286
       0.088895
