Iteration Report: 

| iter  | success | list size |     min alpha    |     max alpha    |
|     0 |    --   |      38   | +1.60000000e+01 | +1.60000000e+01 |
|     1 |     1   |      38   | +1.60000000e+01 | +3.20000000e+01 |
|     2 |     1   |      32   | +1.60000000e+01 | +6.40000000e+01 |
|     3 |     1   |      35   | +1.60000000e+01 | +1.28000000e+02 |
|     4 |     1   |      36   | +1.60000000e+01 | +1.28000000e+02 |
|     5 |     1   |      38   | +1.60000000e+01 | +1.28000000e+02 |
|     6 |     0   |      38   | +1.60000000e+01 | +1.28000000e+02 |
|     7 |     0   |      38   | +1.60000000e+01 | +1.28000000e+02 |
|     8 |     0   |      38   | +1.60000000e+01 | +1.28000000e+02 |
|     9 |     1   |      39   | +1.60000000e+01 | +1.28000000e+02 |
|    10 |     0   |      39   | +1.60000000e+01 | +1.28000000e+02 |
|    11 |     1   |      40   | +1.60000000e+01 | +1.28000000e+02 |
|    12 |     1   |      41   | +1.60000000e+01 | +1.28000000e+02 |
|    13 |     0   |      41   | +1.60000000e+01 | +1.28000000e+02 |
|    14 |     0   |      41   | +1.60000000e+01 | +1.28000000e+02 |
|    15 |     0   |      41   | +1.60000000e+01 | +1.28000000e+02 |
|    16 |     1   |      41   | +1.60000000e+01 | +1.28000000e+02 |
|    17 |     0   |      41   | +1.60000000e+01 | +1.28000000e+02 |
|    18 |     0   |      41   | +1.60000000e+01 | +1.28000000e+02 |
|    19 |     0   |      41   | +1.60000000e+01 | +1.28000000e+02 |
|    20 |     1   |      41   | +1.60000000e+01 | +1.28000000e+02 |
|    21 |     0   |      41   | +1.60000000e+01 | +1.28000000e+02 |
|    22 |     1   |      42   | +1.60000000e+01 | +1.28000000e+02 |
|    23 |     0   |      42   | +1.60000000e+01 | +1.28000000e+02 |
|    24 |     0   |      42   | +1.60000000e+01 | +1.28000000e+02 |
|    25 |     0   |      42   | +1.60000000e+01 | +1.28000000e+02 |
|    26 |     1   |      39   | +1.60000000e+01 | +1.28000000e+02 |
|    27 |     0   |      39   | +1.60000000e+01 | +1.28000000e+02 |
|    28 |     1   |      40   | +1.60000000e+01 | +1.28000000e+02 |
|    29 |     0   |      40   | +1.60000000e+01 | +1.28000000e+02 |
|    30 |     0   |      40   | +1.60000000e+01 | +1.28000000e+02 |
|    31 |     0   |      40   | +1.60000000e+01 | +1.28000000e+02 |
|    32 |     1   |      37   | +1.60000000e+01 | +1.28000000e+02 |
|    33 |     0   |      37   | +1.60000000e+01 | +1.28000000e+02 |
|    34 |     0   |      37   | +1.60000000e+01 | +1.28000000e+02 |
|    35 |     0   |      37   | +1.60000000e+01 | +1.28000000e+02 |
|    36 |     1   |      40   | +1.60000000e+01 | +1.28000000e+02 |
|    37 |     0   |      40   | +1.60000000e+01 | +1.28000000e+02 |
|    38 |     0   |      40   | +1.60000000e+01 | +1.28000000e+02 |
|    39 |     1   |      40   | +1.60000000e+01 | +1.28000000e+02 |
|    40 |     1   |      41   | +1.60000000e+01 | +1.28000000e+02 |
|    41 |     0   |      41   | +1.60000000e+01 | +1.28000000e+02 |
|    42 |     0   |      41   | +1.60000000e+01 | +1.28000000e+02 |
|    43 |     0   |      41   | +8.00000000e+00 | +1.28000000e+02 |
|    44 |     0   |      41   | +8.00000000e+00 | +1.28000000e+02 |
|    45 |     1   |      43   | +8.00000000e+00 | +1.28000000e+02 |
|    46 |     0   |      43   | +8.00000000e+00 | +1.28000000e+02 |
|    47 |     1   |      45   | +8.00000000e+00 | +1.28000000e+02 |
|    48 |     1   |      46   | +8.00000000e+00 | +1.28000000e+02 |
|    49 |     1   |      46   | +8.00000000e+00 | +1.28000000e+02 |
|    50 |     0   |      46   | +8.00000000e+00 | +1.28000000e+02 |
|    51 |     0   |      46   | +8.00000000e+00 | +1.28000000e+02 |
|    52 |     1   |      48   | +8.00000000e+00 | +1.28000000e+02 |
|    53 |     0   |      48   | +8.00000000e+00 | +1.28000000e+02 |
|    54 |     0   |      48   | +8.00000000e+00 | +1.28000000e+02 |
|    55 |     0   |      48   | +8.00000000e+00 | +1.28000000e+02 |
|    56 |     0   |      48   | +8.00000000e+00 | +1.28000000e+02 |
|    57 |     0   |      48   | +8.00000000e+00 | +1.28000000e+02 |
|    58 |     0   |      48   | +8.00000000e+00 | +1.28000000e+02 |
|    59 |     0   |      48   | +8.00000000e+00 | +1.28000000e+02 |
|    60 |     0   |      48   | +8.00000000e+00 | +1.28000000e+02 |
|    61 |     1   |      49   | +8.00000000e+00 | +1.28000000e+02 |
|    62 |     1   |      50   | +8.00000000e+00 | +1.28000000e+02 |
|    63 |     0   |      50   | +8.00000000e+00 | +1.28000000e+02 |
|    64 |     0   |      50   | +8.00000000e+00 | +1.28000000e+02 |
|    65 |     1   |      52   | +8.00000000e+00 | +1.28000000e+02 |
|    66 |     0   |      52   | +8.00000000e+00 | +1.28000000e+02 |
|    67 |     0   |      52   | +8.00000000e+00 | +1.28000000e+02 |
|    68 |     0   |      52   | +8.00000000e+00 | +1.28000000e+02 |
|    69 |     0   |      52   | +8.00000000e+00 | +1.28000000e+02 |
|    70 |     0   |      52   | +8.00000000e+00 | +1.28000000e+02 |
|    71 |     1   |      53   | +8.00000000e+00 | +1.28000000e+02 |
|    72 |     0   |      53   | +8.00000000e+00 | +1.28000000e+02 |
|    73 |     0   |      53   | +8.00000000e+00 | +1.28000000e+02 |
|    74 |     0   |      53   | +8.00000000e+00 | +1.28000000e+02 |
|    75 |     0   |      53   | +8.00000000e+00 | +1.28000000e+02 |
|    76 |     0   |      53   | +8.00000000e+00 | +1.28000000e+02 |
|    77 |     0   |      53   | +8.00000000e+00 | +1.28000000e+02 |
|    78 |     0   |      53   | +8.00000000e+00 | +1.28000000e+02 |
|    79 |     0   |      53   | +8.00000000e+00 | +1.28000000e+02 |
|    80 |     0   |      53   | +8.00000000e+00 | +1.28000000e+02 |
|    81 |     0   |      53   | +8.00000000e+00 | +1.28000000e+02 |
|    82 |     0   |      53   | +8.00000000e+00 | +1.28000000e+02 |
|    83 |     0   |      53   | +8.00000000e+00 | +1.28000000e+02 |
|    84 |     0   |      53   | +8.00000000e+00 | +1.28000000e+02 |
|    85 |     0   |      53   | +8.00000000e+00 | +1.28000000e+02 |
|    86 |     0   |      53   | +8.00000000e+00 | +1.28000000e+02 |
|    87 |     0   |      53   | +8.00000000e+00 | +1.28000000e+02 |
|    88 |     0   |      53   | +8.00000000e+00 | +1.28000000e+02 |
|    89 |     0   |      53   | +8.00000000e+00 | +1.28000000e+02 |
|    90 |     1   |      54   | +8.00000000e+00 | +1.28000000e+02 |
|    91 |     0   |      54   | +8.00000000e+00 | +1.28000000e+02 |
|    92 |     0   |      54   | +8.00000000e+00 | +1.28000000e+02 |
|    93 |     0   |      54   | +8.00000000e+00 | +1.28000000e+02 |
|    94 |     0   |      54   | +8.00000000e+00 | +1.28000000e+02 |
|    95 |     0   |      54   | +8.00000000e+00 | +1.28000000e+02 |
|    96 |     0   |      54   | +8.00000000e+00 | +1.28000000e+02 |
|    97 |     0   |      54   | +8.00000000e+00 | +1.28000000e+02 |
|    98 |     0   |      54   | +8.00000000e+00 | +1.28000000e+02 |
|    99 |     0   |      54   | +8.00000000e+00 | +1.28000000e+02 |
|   100 |     0   |      54   | +8.00000000e+00 | +1.28000000e+02 |
|   101 |     0   |      54   | +8.00000000e+00 | +1.28000000e+02 |
|   102 |     0   |      54   | +8.00000000e+00 | +1.28000000e+02 |
|   103 |     0   |      54   | +8.00000000e+00 | +1.28000000e+02 |
|   104 |     0   |      54   | +8.00000000e+00 | +1.28000000e+02 |
|   105 |     0   |      54   | +8.00000000e+00 | +1.28000000e+02 |
|   106 |     1   |      56   | +8.00000000e+00 | +1.28000000e+02 |
|   107 |     0   |      56   | +8.00000000e+00 | +1.28000000e+02 |
|   108 |     1   |      58   | +8.00000000e+00 | +1.28000000e+02 |
|   109 |     0   |      58   | +8.00000000e+00 | +1.28000000e+02 |
|   110 |     1   |      58   | +8.00000000e+00 | +1.28000000e+02 |
|   111 |     0   |      58   | +8.00000000e+00 | +1.28000000e+02 |
|   112 |     1   |      60   | +8.00000000e+00 | +1.28000000e+02 |
|   113 |     1   |      60   | +8.00000000e+00 | +1.28000000e+02 |
|   114 |     1   |      62   | +8.00000000e+00 | +1.28000000e+02 |
|   115 |     1   |      64   | +8.00000000e+00 | +1.28000000e+02 |
|   116 |     1   |      66   | +8.00000000e+00 | +1.28000000e+02 |
|   117 |     1   |      68   | +8.00000000e+00 | +1.28000000e+02 |
|   118 |     1   |      70   | +8.00000000e+00 | +1.28000000e+02 |
|   119 |     1   |      71   | +8.00000000e+00 | +1.28000000e+02 |
|   120 |     1   |      72   | +8.00000000e+00 | +1.28000000e+02 |
|   121 |     1   |      71   | +8.00000000e+00 | +1.28000000e+02 |
|   122 |     0   |      71   | +8.00000000e+00 | +1.28000000e+02 |
|   123 |     0   |      71   | +8.00000000e+00 | +1.28000000e+02 |
|   124 |     1   |      72   | +8.00000000e+00 | +1.28000000e+02 |
|   125 |     0   |      72   | +8.00000000e+00 | +1.28000000e+02 |
|   126 |     1   |      73   | +8.00000000e+00 | +1.28000000e+02 |
|   127 |     0   |      73   | +8.00000000e+00 | +1.28000000e+02 |
|   128 |     0   |      73   | +4.00000000e+00 | +1.28000000e+02 |
|   129 |     0   |      73   | +4.00000000e+00 | +1.28000000e+02 |
|   130 |     0   |      73   | +4.00000000e+00 | +1.28000000e+02 |
|   131 |     0   |      73   | +4.00000000e+00 | +1.28000000e+02 |
|   132 |     0   |      73   | +4.00000000e+00 | +1.28000000e+02 |
|   133 |     0   |      73   | +4.00000000e+00 | +1.28000000e+02 |
|   134 |     1   |      74   | +4.00000000e+00 | +1.28000000e+02 |
|   135 |     0   |      74   | +4.00000000e+00 | +1.28000000e+02 |
|   136 |     0   |      74   | +4.00000000e+00 | +1.28000000e+02 |
|   137 |     0   |      74   | +4.00000000e+00 | +1.28000000e+02 |
|   138 |     0   |      74   | +4.00000000e+00 | +1.28000000e+02 |
|   139 |     0   |      74   | +4.00000000e+00 | +1.28000000e+02 |
|   140 |     0   |      74   | +4.00000000e+00 | +1.28000000e+02 |
|   141 |     0   |      74   | +4.00000000e+00 | +1.28000000e+02 |
|   142 |     0   |      74   | +4.00000000e+00 | +1.28000000e+02 |
|   143 |     1   |      75   | +4.00000000e+00 | +1.28000000e+02 |
|   144 |     0   |      75   | +4.00000000e+00 | +1.28000000e+02 |
|   145 |     0   |      75   | +4.00000000e+00 | +1.28000000e+02 |
|   146 |     0   |      75   | +4.00000000e+00 | +1.28000000e+02 |
|   147 |     0   |      75   | +4.00000000e+00 | +1.28000000e+02 |
|   148 |     1   |      76   | +4.00000000e+00 | +1.28000000e+02 |
|   149 |     0   |      76   | +4.00000000e+00 | +1.28000000e+02 |
|   150 |     0   |      76   | +4.00000000e+00 | +1.28000000e+02 |
|   151 |     0   |      76   | +4.00000000e+00 | +1.28000000e+02 |
|   152 |     1   |      77   | +4.00000000e+00 | +1.28000000e+02 |
|   153 |     0   |      77   | +4.00000000e+00 | +1.28000000e+02 |
|   154 |     1   |      78   | +4.00000000e+00 | +1.28000000e+02 |
|   155 |     0   |      78   | +4.00000000e+00 | +1.28000000e+02 |
|   156 |     0   |      78   | +4.00000000e+00 | +1.28000000e+02 |
|   157 |     0   |      78   | +4.00000000e+00 | +1.28000000e+02 |
|   158 |     0   |      78   | +2.00000000e+00 | +1.28000000e+02 |
|   159 |     0   |      78   | +2.00000000e+00 | +1.28000000e+02 |
|   160 |     1   |      79   | +2.00000000e+00 | +1.28000000e+02 |
|   161 |     0   |      79   | +2.00000000e+00 | +1.28000000e+02 |
|   162 |     1   |      79   | +2.00000000e+00 | +1.28000000e+02 |
|   163 |     0   |      79   | +2.00000000e+00 | +1.28000000e+02 |
|   164 |     0   |      79   | +2.00000000e+00 | +1.28000000e+02 |
|   165 |     0   |      79   | +2.00000000e+00 | +1.28000000e+02 |
|   166 |     0   |      79   | +2.00000000e+00 | +1.28000000e+02 |
|   167 |     1   |      80   | +2.00000000e+00 | +1.28000000e+02 |
|   168 |     0   |      80   | +2.00000000e+00 | +1.28000000e+02 |
|   169 |     0   |      80   | +2.00000000e+00 | +1.28000000e+02 |
|   170 |     0   |      80   | +2.00000000e+00 | +1.28000000e+02 |
|   171 |     0   |      80   | +2.00000000e+00 | +1.28000000e+02 |
|   172 |     0   |      80   | +2.00000000e+00 | +1.28000000e+02 |
|   173 |     0   |      80   | +2.00000000e+00 | +1.28000000e+02 |
|   174 |     0   |      80   | +2.00000000e+00 | +1.28000000e+02 |
|   175 |     1   |      81   | +2.00000000e+00 | +1.28000000e+02 |
|   176 |     0   |      81   | +2.00000000e+00 | +1.28000000e+02 |
|   177 |     0   |      81   | +2.00000000e+00 | +1.28000000e+02 |
|   178 |     0   |      81   | +2.00000000e+00 | +1.28000000e+02 |
|   179 |     1   |      82   | +2.00000000e+00 | +1.28000000e+02 |
|   180 |     0   |      82   | +2.00000000e+00 | +1.28000000e+02 |
|   181 |     0   |      82   | +2.00000000e+00 | +1.28000000e+02 |
|   182 |     0   |      82   | +2.00000000e+00 | +1.28000000e+02 |
|   183 |     0   |      82   | +2.00000000e+00 | +1.28000000e+02 |
|   184 |     1   |      81   | +2.00000000e+00 | +1.28000000e+02 |
|   185 |     0   |      81   | +2.00000000e+00 | +1.28000000e+02 |
|   186 |     0   |      81   | +2.00000000e+00 | +1.28000000e+02 |
|   187 |     1   |      81   | +2.00000000e+00 | +1.28000000e+02 |
|   188 |     0   |      81   | +2.00000000e+00 | +1.28000000e+02 |
|   189 |     0   |      81   | +2.00000000e+00 | +1.28000000e+02 |
|   190 |     0   |      81   | +2.00000000e+00 | +1.28000000e+02 |
|   191 |     1   |      82   | +2.00000000e+00 | +1.28000000e+02 |
|   192 |     0   |      82   | +2.00000000e+00 | +1.28000000e+02 |
|   193 |     1   |      83   | +2.00000000e+00 | +1.28000000e+02 |
|   194 |     0   |      83   | +2.00000000e+00 | +1.28000000e+02 |
|   195 |     0   |      83   | +2.00000000e+00 | +1.28000000e+02 |
|   196 |     0   |      83   | +2.00000000e+00 | +1.28000000e+02 |
|   197 |     1   |      85   | +2.00000000e+00 | +1.28000000e+02 |
|   198 |     0   |      85   | +2.00000000e+00 | +1.28000000e+02 |
|   199 |     0   |      85   | +1.00000000e+00 | +1.28000000e+02 |
|   200 |     0   |      85   | +1.00000000e+00 | +1.28000000e+02 |
|   201 |     1   |      86   | +1.00000000e+00 | +1.28000000e+02 |
|   202 |     0   |      86   | +1.00000000e+00 | +1.28000000e+02 |
|   203 |     0   |      86   | +1.00000000e+00 | +1.28000000e+02 |
|   204 |     1   |      87   | +1.00000000e+00 | +1.28000000e+02 |
|   205 |     0   |      87   | +1.00000000e+00 | +1.28000000e+02 |
|   206 |     0   |      87   | +1.00000000e+00 | +1.28000000e+02 |
|   207 |     0   |      87   | +1.00000000e+00 | +1.28000000e+02 |
|   208 |     1   |      87   | +1.00000000e+00 | +1.28000000e+02 |
|   209 |     0   |      87   | +1.00000000e+00 | +1.28000000e+02 |
|   210 |     0   |      87   | +1.00000000e+00 | +1.28000000e+02 |
|   211 |     0   |      87   | +1.00000000e+00 | +1.28000000e+02 |
|   212 |     0   |      87   | +1.00000000e+00 | +1.28000000e+02 |
|   213 |     1   |      87   | +1.00000000e+00 | +1.28000000e+02 |
|   214 |     0   |      87   | +1.00000000e+00 | +1.28000000e+02 |
|   215 |     1   |      86   | +1.00000000e+00 | +1.28000000e+02 |
|   216 |     0   |      86   | +1.00000000e+00 | +1.28000000e+02 |
|   217 |     0   |      86   | +1.00000000e+00 | +1.28000000e+02 |
|   218 |     0   |      86   | +1.00000000e+00 | +1.28000000e+02 |
|   219 |     1   |      89   | +1.00000000e+00 | +1.28000000e+02 |
|   220 |     0   |      89   | +1.00000000e+00 | +1.28000000e+02 |
|   221 |     0   |      89   | +1.00000000e+00 | +1.28000000e+02 |
|   222 |     0   |      89   | +1.00000000e+00 | +1.28000000e+02 |
|   223 |     1   |      90   | +1.00000000e+00 | +1.28000000e+02 |
|   224 |     0   |      90   | +1.00000000e+00 | +1.28000000e+02 |
|   225 |     0   |      90   | +1.00000000e+00 | +1.28000000e+02 |
|   226 |     0   |      90   | +1.00000000e+00 | +1.28000000e+02 |
|   227 |     0   |      90   | +1.00000000e+00 | +1.28000000e+02 |
|   228 |     0   |      90   | +1.00000000e+00 | +1.28000000e+02 |
|   229 |     1   |      91   | +1.00000000e+00 | +1.28000000e+02 |
|   230 |     0   |      91   | +1.00000000e+00 | +1.28000000e+02 |
|   231 |     0   |      91   | +1.00000000e+00 | +1.28000000e+02 |
|   232 |     0   |      91   | +1.00000000e+00 | +1.28000000e+02 |
|   233 |     1   |      92   | +1.00000000e+00 | +1.28000000e+02 |
|   234 |     0   |      92   | +1.00000000e+00 | +1.28000000e+02 |
|   235 |     0   |      92   | +1.00000000e+00 | +1.28000000e+02 |
|   236 |     0   |      92   | +1.00000000e+00 | +1.28000000e+02 |
|   237 |     0   |      92   | +1.00000000e+00 | +1.28000000e+02 |
|   238 |     1   |      93   | +1.00000000e+00 | +1.28000000e+02 |
|   239 |     1   |      94   | +1.00000000e+00 | +1.28000000e+02 |
|   240 |     1   |      96   | +1.00000000e+00 | +1.28000000e+02 |
|   241 |     1   |      95   | +1.00000000e+00 | +1.28000000e+02 |
|   242 |     0   |      95   | +1.00000000e+00 | +1.28000000e+02 |
|   243 |     0   |      95   | +1.00000000e+00 | +1.28000000e+02 |
|   244 |     0   |      95   | +1.00000000e+00 | +1.28000000e+02 |
|   245 |     0   |      95   | +1.00000000e+00 | +1.28000000e+02 |
|   246 |     0   |      95   | +1.00000000e+00 | +1.28000000e+02 |
|   247 |     0   |      95   | +1.00000000e+00 | +1.28000000e+02 |
|   248 |     0   |      95   | +1.00000000e+00 | +1.28000000e+02 |
|   249 |     0   |      95   | +1.00000000e+00 | +1.28000000e+02 |
|   250 |     1   |      93   | +1.00000000e+00 | +1.28000000e+02 |
|   251 |     0   |      93   | +1.00000000e+00 | +1.28000000e+02 |
|   252 |     0   |      93   | +1.00000000e+00 | +1.28000000e+02 |
|   253 |     0   |      93   | +1.00000000e+00 | +1.28000000e+02 |
|   254 |     0   |      93   | +1.00000000e+00 | +1.28000000e+02 |
|   255 |     0   |      93   | +1.00000000e+00 | +1.28000000e+02 |
|   256 |     0   |      93   | +1.00000000e+00 | +1.28000000e+02 |
|   257 |     0   |      93   | +1.00000000e+00 | +1.28000000e+02 |
|   258 |     1   |      94   | +1.00000000e+00 | +1.28000000e+02 |
|   259 |     0   |      94   | +1.00000000e+00 | +1.28000000e+02 |
|   260 |     0   |      94   | +1.00000000e+00 | +1.28000000e+02 |
|   261 |     0   |      94   | +1.00000000e+00 | +1.28000000e+02 |
|   262 |     1   |      93   | +1.00000000e+00 | +1.28000000e+02 |
|   263 |     0   |      93   | +1.00000000e+00 | +1.28000000e+02 |
|   264 |     0   |      93   | +1.00000000e+00 | +1.28000000e+02 |
|   265 |     1   |      94   | +1.00000000e+00 | +1.28000000e+02 |
|   266 |     1   |      92   | +1.00000000e+00 | +1.28000000e+02 |
|   267 |     0   |      92   | +1.00000000e+00 | +1.28000000e+02 |
|   268 |     0   |      92   | +1.00000000e+00 | +1.28000000e+02 |
|   269 |     0   |      92   | +1.00000000e+00 | +1.28000000e+02 |
|   270 |     1   |      90   | +1.00000000e+00 | +1.28000000e+02 |
|   271 |     1   |      91   | +1.00000000e+00 | +1.28000000e+02 |
|   272 |     0   |      91   | +1.00000000e+00 | +1.28000000e+02 |
|   273 |     0   |      91   | +1.00000000e+00 | +1.28000000e+02 |
|   274 |     0   |      91   | +1.00000000e+00 | +1.28000000e+02 |
|   275 |     0   |      91   | +1.00000000e+00 | +1.28000000e+02 |
|   276 |     1   |      92   | +1.00000000e+00 | +1.28000000e+02 |
|   277 |     0   |      92   | +1.00000000e+00 | +1.28000000e+02 |
|   278 |     0   |      92   | +1.00000000e+00 | +1.28000000e+02 |
|   279 |     0   |      92   | +1.00000000e+00 | +1.28000000e+02 |
|   280 |     0   |      92   | +1.00000000e+00 | +1.28000000e+02 |
|   281 |     0   |      92   | +1.00000000e+00 | +1.28000000e+02 |
|   282 |     0   |      92   | +1.00000000e+00 | +1.28000000e+02 |
|   283 |     0   |      92   | +1.00000000e+00 | +1.28000000e+02 |
|   284 |     0   |      92   | +1.00000000e+00 | +1.28000000e+02 |
|   285 |     0   |      92   | +1.00000000e+00 | +1.28000000e+02 |
|   286 |     0   |      92   | +1.00000000e+00 | +1.28000000e+02 |
|   287 |     1   |      91   | +1.00000000e+00 | +1.28000000e+02 |
|   288 |     0   |      91   | +1.00000000e+00 | +1.28000000e+02 |
|   289 |     0   |      91   | +1.00000000e+00 | +1.28000000e+02 |
|   290 |     0   |      91   | +1.00000000e+00 | +1.28000000e+02 |
|   291 |     1   |      92   | +1.00000000e+00 | +1.28000000e+02 |
|   292 |     0   |      92   | +1.00000000e+00 | +1.28000000e+02 |
|   293 |     1   |      93   | +1.00000000e+00 | +1.28000000e+02 |
|   294 |     1   |      94   | +1.00000000e+00 | +1.28000000e+02 |
|   295 |     0   |      94   | +1.00000000e+00 | +1.28000000e+02 |
|   296 |     0   |      94   | +1.00000000e+00 | +1.28000000e+02 |
|   297 |     0   |      94   | +1.00000000e+00 | +1.28000000e+02 |
|   298 |     1   |      96   | +1.00000000e+00 | +1.28000000e+02 |
|   299 |     0   |      96   | +1.00000000e+00 | +1.28000000e+02 |
|   300 |     0   |      96   | +1.00000000e+00 | +1.28000000e+02 |
|   301 |     1   |      98   | +1.00000000e+00 | +1.28000000e+02 |
|   302 |     0   |      98   | +1.00000000e+00 | +1.28000000e+02 |
