       0.000151
       0.000142
       0.000133
       0.000124
       0.000115
       0.000107
       0.000098
       0.000089
       0.000081
       0.000073
       0.000065
       0.000057
       0.000049
       0.000041
       0.000033
       0.000025
       0.000018
       0.000011
       0.000004
       0.000003
       0.000010
       0.000017
       0.000024
       0.000030
       0.000036
       0.000042
       0.000048
       0.000054
       0.000060
       0.000065
       0.000071
       0.000076
       0.000082
       0.000087
       0.000093
       0.000099
       0.000106
       0.000114
       0.000123
       0.000135
       0.000150
       0.000171
       0.000199
       0.000239
       0.000299
       0.000394
       0.000556
       0.000869
       0.001625
       0.005169
       0.008315
       0.002948
       0.002085
       0.001790
       0.001690
       0.001692
       0.001762
       0.001891
       0.002079
       0.002335
       0.002677
       0.003135
       0.003760
       0.004643
       0.005961
       0.008106
       0.012151
       0.022446
       0.099622
       0.046771
       0.020052
       0.013226
       0.010123
       0.008363
       0.007238
       0.006463
       0.005903
       0.005484
       0.005162
       0.004910
       0.004712
       0.004554
       0.004428
       0.004328
       0.004250
       0.004189
       0.004144
       0.004112
       0.004092
       0.004083
       0.004082
       0.004091
       0.004108
       0.004132
       0.004164
       0.004203
       0.004249
       0.004302
       0.004362
       0.004429
       0.004503
       0.004584
       0.004673
       0.004770
       0.004876
       0.004991
       0.005115
       0.005250
       0.005396
       0.005554
       0.005725
       0.005911
       0.006114
       0.006334
       0.006575
       0.006838
       0.007128
       0.007446
       0.007799
       0.008191
       0.008628
       0.009119
       0.009674
       0.010306
       0.011032
       0.011873
       0.012860
       0.014033
       0.015451
       0.017196
       0.019399
       0.022264
       0.026143
       0.031688
       0.040262
       0.055280
       0.088376
       0.221492
       0.432641
       0.109133
       0.062343
       0.043587
       0.033478
       0.027156
       0.022829
       0.019681
       0.017288
       0.015407
       0.013890
       0.012640
       0.011593
       0.010702
       0.009935
       0.009268
       0.008682
       0.008163
       0.007701
       0.007285
       0.006911
       0.006571
       0.006261
       0.005977
